245 32 35 85
138 21 14 29
78 14 5 10
44 9 2 3
25 6 1 1
14 190 0 205
8 190 0 69
4 126 0 23
3 83 0 8
1 55 0 3
1 36 0 85
0 24 0 29
0 16 0 10
0 230 0 3
0 230 0 1
0 152 0 205
0 101 0 69
0 66 0 23
218 44 0 8
123 29 0 3
70 19 240 85
39 13 118 29
22 8 58 10
13 6 29 3
7 4 14 1
4 2 7 205
2 2 3 69
1 1 2 23
1 165 1 8
0 165 0 3
218 109 0 85
123 72 0 29
70 48 0 10
39 32 0 3
22 21 0 1
13 210 0 205
7 210 0 69
4 139 0 23
2 92 0 8
1 61 0 3
245 40 0 85
138 27 0 29
78 18 0 10
44 12 0 3
25 8 0 1
14 230 0 205
8 230 0 69
4 152 0 23
3 101 0 8
1 66 0 3
1 44 0 85
0 29 0 29
0 19 0 10
0 165 0 3
0 165 0 1
0 109 0 205
0 72 0 69
0 48 0 23
218 32 0 8
123 21 0 3
70 14 240 85
39 9 118 29
22 6 58 10
13 4 29 3
7 3 14 1
4 2 7 205
2 1 3 69
1 1 2 23
1 210 1 8
0 210 0 3
218 139 0 85
123 92 0 29
70 61 0 10
39 40 0 3
22 27 0 1
13 190 0 205
7 190 0 69
4 126 0 23
2 83 0 8
1 55 0 3
245 36 0 85
138 24 0 29
78 16 0 10
44 10 0 3
25 7 0 1
14 165 0 205
8 165 0 69
4 109 0 23
3 72 0 8
1 48 0 3
1 32 0 85
0 21 0 29
0 14 0 10
0 210 0 3
0 210 0 1
0 139 0 205
0 92 0 69
0 61 0 23
218 40 0 8
123 27 0 3
70 18 240 85
39 12 118 29
22 8 58 10
13 5 29 3
7 3 14 1
4 2 7 205
2 1 3 69
1 1 2 23
1 190 1 8
0 190 0 3
218 126 0 85
123 83 0 29
70 55 0 10
39 36 0 3
22 24 0 1
13 230 0 205
7 230 0 69
4 152 0 23
2 101 0 8
1 66 0 3
245 44 0 85
138 29 0 29
78 19 0 10
44 13 0 3
25 8 0 1
14 210 0 205
8 210 0 69
4 139 0 23
3 92 0 8
1 61 0 3
1 40 0 85
0 27 0 29
0 18 0 10
0 190 0 3
0 190 0 1
0 126 0 205
0 83 0 69
0 55 0 23
218 36 0 8
123 24 0 3
70 16 240 85
39 10 118 29
22 7 58 10
13 5 29 3
7 3 14 1
4 2 7 205
2 1 3 69
1 1 2 23
1 230 1 8
0 230 0 3
218 152 0 85
123 101 0 29
70 66 0 10
39 44 130 3
22 29 52 1
13 165 175 235
7 165 70 129
4 109 28 71
2 72 220 39
1 48 87 21
245 32 35 85
138 21 14 29
78 14 5 10
44 9 2 3
25 6 1 1
14 190 0 205
8 190 0 69
4 126 0 23
3 83 0 8
1 55 0 3
1 36 0 85
0 24 0 29
0 16 0 10
0 230 0 3
0 230 0 1
0 152 0 205
0 101 0 69
0 66 0 23
218 44 0 8
123 29 0 3
70 19 240 85
39 13 118 29
22 8 58 10
13 6 29 3
7 4 14 1
4 2 7 205
2 2 3 69
1 1 2 23
1 165 1 8
0 165 0 3
218 109 0 85
123 72 0 29
70 48 0 10
39 32 0 3
22 21 0 1
13 210 0 205
7 210 0 69
4 139 0 23
2 92 0 8
1 61 0 3
245 40 0 85
138 27 0 29
78 18 0 10
44 12 0 3
25 8 0 1
14 230 0 205
8 230 0 69
4 152 0 23
3 101 0 8
1 66 0 3
1 44 0 85
0 29 0 29
0 19 0 10
0 165 0 3
0 165 0 1
0 109 0 205
0 72 0 69
0 48 0 23
218 32 0 8
123 21 0 3
70 14 240 85
39 9 118 29
22 6 58 10
13 4 29 3
7 3 14 1
4 2 7 205
2 1 3 69
1 1 2 23
1 210 1 8
0 210 0 3
218 139 0 85
123 92 0 29
70 61 0 10
39 40 0 3
22 27 0 1
13 190 0 205
7 190 0 69
4 126 0 23
2 83 0 8
1 55 0 3
245 36 0 1
138 24 0 0
78 16 0 0
44 10 0 0
25 7 0 0
14 165 0 205
8 165 0 69
4 109 0 23
3 72 0 8
1 48 0 3
1 32 0 1
0 21 0 0
0 14 0 0
0 9 0 0
0 6 0 0
0 4 0 205
0 3 0 69
0 2 0 23
0 1 0 8
0 1 0 3
0 1 145 1
0 0 72 0
0 0 35 0
0 0 17 0
0 0 9 0
0 0 4 205
0 0 2 69
0 0 1 23
0 190 1 8
0 190 0 3
0 126 0 1
0 83 0 0
0 55 0 0
0 36 0 0
0 24 0 0
0 16 0 205
0 10 0 69
0 7 0 23
0 5 0 8
0 3 0 3
245 2 0 1
138 1 0 0
78 1 0 0
44 1 0 0
25 0 0 0
14 210 0 205
8 210 0 69
4 139 0 23
3 92 0 8
1 61 0 3
1 40 0 1
0 27 0 0
0 18 0 0
0 12 0 0
0 8 0 0
0 5 0 205
0 3 0 69
0 2 0 23
0 1 0 8
0 1 0 3
0 1 145 1
0 0 72 0
0 0 35 0
0 0 17 0
0 0 9 0
0 0 4 205
0 0 2 69
0 0 1 23
0 230 1 8
0 230 0 3
0 152 0 1
0 101 0 0
0 66 0 0
0 44 130 0
0 29 52 0
0 19 175 235
0 13 70 129
0 8 28 71
0 6 220 39
0 4 87 21
245 2 35 85
138 2 14 29
78 1 5 10
44 1 2 3
25 0 1 1
14 190 0 205
8 190 0 69
4 126 0 23
3 83 0 8
1 55 0 3
1 36 0 85
0 24 0 29
0 16 0 10
0 230 0 3
0 230 0 1
0 152 0 205
0 101 0 69
0 66 0 23
218 44 0 8
123 29 0 3
70 19 240 85
39 13 118 29
22 8 58 10
13 6 29 3
7 4 14 1
4 2 7 205
2 2 3 69
1 1 2 23
1 165 1 8
0 165 0 3
218 109 0 85
123 72 0 29
70 48 0 10
39 32 0 3
22 21 0 1
13 210 0 205
7 210 0 69
4 139 0 23
2 92 0 8
1 61 0 3
245 40 0 85
138 27 0 29
78 18 0 10
44 12 0 3
25 8 0 1
14 230 0 205
8 230 0 69
4 152 0 23
3 101 0 8
1 66 0 3
1 44 0 85
0 29 0 29
0 19 0 10
0 165 0 3
0 165 0 1
0 109 0 205
0 72 0 69
0 48 0 23
218 32 0 8
123 21 0 3
70 14 240 85
39 9 118 29
22 6 58 10
13 4 29 3
7 3 14 1
4 2 7 205
2 1 3 69
1 1 2 23
1 210 1 8
0 210 0 3
218 139 0 85
123 92 0 29
70 61 0 10
39 40 0 3
22 27 0 1
13 190 0 205
7 190 0 69
4 126 0 23
2 83 0 8
1 55 0 3
245 36 0 85
138 24 0 29
78 16 0 10
44 10 0 3
25 7 0 1
14 165 0 205
8 165 0 69
4 109 0 23
3 72 0 8
1 48 0 3
1 32 0 85
0 21 0 29
0 14 0 10
0 210 0 3
0 210 0 1
0 139 0 205
0 92 0 69
0 61 0 23
218 40 0 8
123 27 0 3
70 18 240 85
39 12 118 29
22 8 58 10
13 5 29 3
7 3 14 1
4 2 7 205
2 1 3 69
1 1 2 23
1 190 1 8
0 190 0 3
218 126 0 85
123 83 0 29
70 55 0 10
39 36 0 3
22 24 0 1
13 230 0 205
7 230 0 69
4 152 0 23
2 101 0 8
1 66 0 3
245 44 0 85
138 29 0 29
78 19 0 10
44 13 0 3
25 8 0 1
14 210 0 205
8 210 0 69
4 139 0 23
3 92 0 8
1 61 0 3
1 40 0 85
0 27 0 29
0 18 0 10
0 190 0 3
0 190 0 1
0 126 0 205
0 83 0 69
0 55 0 23
218 36 0 8
123 24 0 3
70 16 240 85
39 10 118 29
22 7 58 10
13 5 29 3
7 3 14 1
4 2 7 205
2 1 3 69
1 1 2 23
1 230 1 8
0 230 0 3
218 152 0 85
123 101 0 29
70 66 0 10
39 44 130 3
22 29 52 1
13 165 175 235
7 165 70 129
4 109 28 71
2 72 220 39
1 48 87 21
245 32 35 85
138 21 14 29
78 14 5 10
44 9 2 3
25 6 1 1
14 190 0 205
8 190 0 69
4 126 0 23
3 83 0 8
1 55 0 3
1 36 0 85
0 24 0 29
0 16 0 10
0 230 0 3
0 230 0 1
0 152 0 205
0 101 0 69
0 66 0 23
218 44 0 8
123 29 0 3
70 19 240 85
39 13 118 29
22 8 58 10
13 6 29 3
7 4 14 1
4 2 7 205
2 2 3 69
1 1 2 23
1 165 1 8
0 165 0 3
218 109 0 85
123 72 0 29
70 48 0 10
39 32 0 3
22 21 0 1
13 210 0 205
7 210 0 69
4 139 0 23
2 92 0 8
1 61 0 3
245 40 0 85
138 27 0 29
78 18 0 10
44 12 0 3
25 8 0 1
14 230 0 205
8 230 0 69
4 152 0 23
3 101 0 8
1 66 0 3
1 44 0 85
0 29 0 29
0 19 0 10
0 165 0 3
0 165 0 1
0 109 0 205
0 72 0 69
0 48 0 23
218 32 0 8
123 21 0 3
70 14 240 85
39 9 118 29
22 6 58 10
13 4 29 3
7 3 14 1
4 2 7 205
2 1 3 69
1 1 2 23
1 210 1 8
0 210 0 3
218 139 0 85
123 92 0 29
70 61 0 10
39 40 0 3
22 27 0 1
13 190 0 205
7 190 0 69
4 126 0 23
2 83 0 8
1 55 0 3
245 36 0 1
138 24 0 0
78 16 0 0
44 10 0 0
25 7 0 0
14 165 0 205
8 165 0 69
4 109 0 23
3 72 0 8
1 48 0 3
1 32 0 1
0 21 0 0
0 14 0 0
0 9 0 0
0 6 0 0
0 4 0 205
0 3 0 69
0 2 0 23
0 1 0 8
0 1 0 3
0 1 145 1
0 0 72 0
0 0 35 0
0 0 17 0
0 0 9 0
0 0 4 205
0 0 2 69
0 0 1 23
0 190 1 8
0 190 0 3
0 126 0 1
0 83 0 0
0 55 0 0
0 36 0 0
0 24 0 0
0 16 0 205
0 10 0 69
0 7 0 23
0 5 0 8
0 3 0 3
245 2 0 85
138 1 0 29
78 1 0 10
44 1 0 3
25 0 0 1
14 210 0 205
8 210 0 69
4 139 0 23
3 92 0 8
1 61 0 3
1 40 0 85
0 27 0 29
0 18 0 10
0 190 0 3
0 190 0 1
0 126 0 205
0 83 0 69
0 55 0 23
218 36 0 8
123 24 0 3
70 16 240 85
39 10 118 29
22 7 58 10
13 5 29 3
7 3 14 1
4 2 7 205
2 1 3 69
1 1 2 23
1 230 1 8
0 230 0 3
218 152 0 85
123 101 0 29
70 66 0 10
39 44 130 3
22 29 52 1
13 165 175 235
7 165 70 129
4 109 28 71
2 72 220 39
1 48 87 21
