245 8 35 85
138 6 14 29
78 4 5 12
44 2 2 6
25 190 1 205
14 190 0 69
8 126 0 23
218 83 240 85
123 55 118 29
70 36 58 10
39 24 29 3
22 230 14 205
13 230 7 69
7 152 3 23
218 101 2 85
123 66 1 29
70 44 0 10
39 29 0 3
22 19 0 205
13 165 0 69
7 165 0 23
4 109 240 85
2 72 118 29
1 48 58 10
1 32 29 3
218 21 14 205
123 14 7 69
70 9 3 23
245 6 2 85
138 4 1 29
78 3 0 10
44 2 0 3
25 230 0 205
14 230 0 69
8 152 0 23
218 101 240 85
123 66 118 29
70 44 58 10
39 29 29 3
22 165 14 205
13 165 7 69
7 109 3 23
218 72 2 85
123 48 1 29
70 32 0 10
39 21 0 3
22 14 0 205
13 210 0 69
7 210 0 23
4 139 240 85
2 92 118 29
1 61 58 10
1 40 29 3
218 27 14 205
123 18 7 69
70 12 3 23
245 8 2 85
138 5 1 29
78 3 0 10
44 2 0 3
25 165 0 205
14 165 0 69
8 109 0 23
218 72 240 85
123 48 118 29
70 32 58 10
39 21 29 3
22 210 14 205
13 210 7 69
7 139 3 23
218 92 2 85
123 61 1 29
70 40 0 10
39 27 0 3
22 18 0 205
13 190 0 69
7 190 0 23
4 126 240 85
2 83 118 29
1 55 58 10
1 36 29 3
218 24 14 205
123 16 7 69
70 10 3 23
245 7 2 85
138 5 1 29
78 3 0 10
44 2 0 3
25 210 0 205
14 210 0 69
8 139 0 23
218 92 240 85
123 61 118 29
70 40 58 10
39 27 29 3
22 190 14 205
13 190 7 69
7 126 3 23
218 83 2 85
123 55 1 29
70 36 0 10
39 24 0 3
22 16 0 205
13 230 0 69
7 230 0 23
4 152 240 85
2 101 118 29
1 66 130 10
1 44 52 3
218 29 175 235
123 19 220 129
70 13 87 71
245 8 35 85
138 6 14 29
78 4 5 12
44 2 2 6
25 190 1 205
14 190 0 69
8 126 0 23
218 83 240 85
123 55 118 29
70 36 58 10
39 24 29 3
22 230 14 205
13 230 7 69
7 152 3 23
218 101 2 85
123 66 1 29
70 44 0 10
39 29 0 3
22 19 0 205
13 165 0 69
7 165 0 23
4 109 240 85
2 72 118 29
1 48 58 10
1 32 29 3
218 21 14 205
123 14 7 69
70 9 3 23
245 6 2 85
138 4 1 29
78 3 0 10
44 2 0 3
25 230 0 205
14 230 0 69
8 152 0 23
218 101 240 85
123 66 118 29
70 44 58 10
39 29 29 3
22 165 14 205
13 165 7 69
7 109 3 23
218 72 2 85
123 48 1 29
70 32 0 10
39 21 0 3
22 14 0 205
13 210 0 69
7 210 0 23
4 139 240 85
2 92 118 29
1 61 58 10
1 40 29 3
218 27 14 205
123 18 7 69
70 12 3 23
245 8 2 8
138 5 1 3
78 3 0 1
44 2 0 0
25 165 0 205
14 165 0 69
8 109 0 23
4 72 145 8
3 48 72 3
1 32 35 1
1 21 17 0
0 14 9 205
0 9 4 69
0 6 2 23
0 4 1 8
0 3 1 3
0 2 0 1
0 1 0 0
0 1 0 205
0 190 0 69
0 190 0 23
0 126 145 8
0 83 72 3
0 55 35 1
0 36 17 0
0 24 9 205
0 16 4 69
0 10 2 23
245 7 1 8
138 5 1 3
78 3 0 1
44 2 0 0
25 210 0 205
14 210 0 69
8 139 0 23
4 92 145 8
3 61 72 3
1 40 35 1
1 27 17 0
0 18 9 205
0 12 4 69
0 8 2 23
0 5 1 8
0 3 1 3
0 2 0 1
0 1 0 0
0 1 0 205
0 230 0 69
0 230 0 23
0 152 145 8
0 101 72 3
0 66 130 1
0 44 52 0
0 29 175 235
0 19 220 129
0 13 87 71
245 8 35 85
138 6 14 29
78 4 5 12
44 2 2 6
25 190 1 205
14 190 0 69
8 126 0 23
218 83 240 85
123 55 118 29
70 36 58 10
39 24 29 3
22 230 14 205
13 230 7 69
7 152 3 23
218 101 2 85
123 66 1 29
70 44 0 10
39 29 0 3
22 19 0 205
13 165 0 69
7 165 0 23
4 109 240 85
2 72 118 29
1 48 58 10
1 32 29 3
218 21 14 205
123 14 7 69
70 9 3 23
245 6 2 85
138 4 1 29
78 3 0 10
44 2 0 3
25 230 0 205
14 230 0 69
8 152 0 23
218 101 240 85
123 66 118 29
70 44 58 10
39 29 29 3
22 165 14 205
13 165 7 69
7 109 3 23
218 72 2 85
123 48 1 29
70 32 0 10
39 21 0 3
22 14 0 205
13 210 0 69
7 210 0 23
4 139 240 85
2 92 118 29
1 61 58 10
1 40 29 3
218 27 14 205
123 18 7 69
70 12 3 23
245 8 2 85
138 5 1 29
78 3 0 10
44 2 0 3
25 165 0 205
14 165 0 69
8 109 0 23
218 72 240 85
123 48 118 29
70 32 58 10
39 21 29 3
22 210 14 205
13 210 7 69
7 139 3 23
218 92 2 85
123 61 1 29
70 40 0 10
39 27 0 3
22 18 0 205
13 190 0 69
7 190 0 23
4 126 240 85
2 83 118 29
1 55 58 10
1 36 29 3
218 24 14 205
123 16 7 69
70 10 3 23
245 7 2 85
138 5 1 29
78 3 0 10
44 2 0 3
25 210 0 205
14 210 0 69
8 139 0 23
218 92 240 85
123 61 118 29
70 40 58 10
39 27 29 3
22 190 14 205
13 190 7 69
7 126 3 23
218 83 2 85
123 55 1 29
70 36 0 10
39 24 0 3
22 16 0 205
13 230 0 69
7 230 0 23
4 152 240 85
2 101 118 29
1 66 130 10
1 44 52 3
218 29 175 235
123 19 220 129
70 13 87 71
245 8 35 85
138 6 14 29
78 4 5 12
44 2 2 6
25 190 1 205
14 190 0 69
8 126 0 23
218 83 240 85
123 55 118 29
70 36 58 10
39 24 29 3
22 230 14 205
13 230 7 69
7 152 3 23
218 101 2 85
123 66 1 29
70 44 0 10
39 29 0 3
22 19 0 205
13 165 0 69
7 165 0 23
4 109 240 85
2 72 118 29
1 48 58 10
1 32 29 3
218 21 14 205
123 14 7 69
70 9 3 23
245 6 2 85
138 4 1 29
78 3 0 10
44 2 0 3
25 230 0 205
14 230 0 69
8 152 0 23
218 101 240 85
123 66 118 29
70 44 58 10
39 29 29 3
22 165 14 205
13 165 7 69
7 109 3 23
218 72 2 85
123 48 1 29
70 32 0 10
39 21 0 3
22 14 0 205
13 210 0 69
7 210 0 23
4 139 240 85
2 92 118 29
1 61 58 10
1 40 29 3
218 27 14 205
123 18 7 69
70 12 3 23
245 8 2 8
138 5 1 3
78 3 0 1
44 2 0 0
25 165 0 205
14 165 0 69
8 109 0 23
4 72 145 8
3 48 72 3
1 32 35 1
1 21 17 0
0 14 9 205
0 9 4 69
0 6 2 23
0 4 1 8
0 3 1 3
0 2 0 1
0 1 0 0
0 1 0 205
0 190 0 69
0 190 0 23
0 126 145 8
0 83 72 3
0 55 35 1
0 36 17 0
0 24 9 205
0 16 4 69
0 10 2 23
245 7 1 85
138 5 1 29
78 3 0 10
44 2 0 3
25 210 0 205
14 210 0 69
8 139 0 23
218 92 240 85
123 61 118 29
70 40 58 10
39 27 29 3
22 190 14 205
13 190 7 69
7 126 3 23
218 83 2 85
123 55 1 29
70 36 0 10
39 24 0 3
22 16 0 205
13 230 0 69
7 230 0 23
4 152 240 85
2 101 118 29
1 66 130 10
1 44 52 3
218 29 175 235
123 19 220 129
70 13 87 71
