245 33 19 95
121 21 6 21
60 13 2 5
29 8 1 1
15 5 0 0
7 245 0 0
4 82 0 230
2 28 0 51
1 90 0 11
0 30 0 3
0 10 240 95
0 3 95 21
0 1 38 5
0 175 15 1
0 59 6 0
0 20 2 0
0 7 1 230
0 2 0 51
220 1 75 11
109 0 17 3
54 0 4 95
26 0 1 21
13 0 0 5
6 235 0 1
3 79 0 0
220 27 0 0
109 9 0 230
54 3 0 51
26 85 75 11
13 29 17 3
6 10 240 95
3 3 95 21
2 1 38 5
1 0 15 1
0 0 6 0
0 210 2 0
0 71 1 230
0 24 0 51
0 120 0 11
0 40 0 3
245 14 0 95
121 5 0 21
60 2 0 5
29 1 0 1
15 0 0 0
7 245 0 0
4 82 0 230
2 28 0 51
1 90 0 11
0 30 0 3
0 10 240 95
0 3 95 21
0 1 38 5
0 175 15 1
0 59 6 0
0 20 2 0
0 7 1 230
0 2 0 51
220 1 75 11
109 0 17 3
54 0 4 95
26 0 1 21
13 0 0 5
6 235 0 1
3 79 0 0
220 27 0 0
109 9 0 230
54 3 0 51
26 85 75 11
13 29 17 3
6 10 240 95
3 3 95 21
2 1 38 5
1 0 15 1
0 0 6 0
0 210 2 0
0 210 1 230
0 132 0 51
0 120 0 11
0 53 0 3
245 33 0 95
121 21 0 21
60 13 0 5
29 8 0 1
15 5 0 0
7 245 0 0
4 82 0 230
2 28 0 51
1 90 0 11
0 30 0 3
0 10 240 95
0 3 95 21
0 1 38 5
0 175 15 1
0 59 6 0
0 20 2 0
0 7 1 230
0 2 0 51
220 1 75 11
109 0 17 3
54 0 4 95
26 0 1 21
13 0 0 5
6 235 0 1
3 79 0 0
220 27 0 0
109 9 0 230
54 3 0 51
26 85 75 11
13 29 17 3
6 10 240 95
3 3 95 21
2 1 38 5
1 0 15 1
0 0 6 0
0 210 2 0
0 71 1 230
0 24 0 51
0 120 0 11
0 40 0 3
245 14 0 95
121 5 0 21
60 2 0 5
29 1 0 1
15 0 0 0
7 245 0 0
4 82 0 230
2 28 0 51
1 90 0 11
0 30 0 3
0 10 240 95
0 3 95 21
0 1 38 5
0 175 15 1
0 59 6 0
0 20 2 0
0 7 1 230
0 2 0 51
220 1 75 11
109 0 17 3
54 0 4 95
26 0 1 21
13 0 0 5
6 235 0 1
3 79 0 0
220 27 0 0
109 9 0 230
54 3 0 51
26 85 75 11
13 29 17 3
6 10 240 95
3 3 95 21
2 1 38 5
1 0 15 1
0 0 6 0
0 210 2 0
0 210 1 230
0 132 0 51
0 120 165 11
0 53 55 3
245 33 19 95
121 21 6 21
60 13 2 5
29 8 1 1
15 5 0 0
7 245 0 0
4 82 0 230
2 28 0 51
1 90 0 11
0 30 0 3
0 10 240 95
0 3 95 21
0 1 38 5
0 175 15 1
0 59 6 0
0 20 2 0
0 7 1 230
0 2 0 51
220 1 75 11
109 0 17 3
54 0 4 95
26 0 1 21
13 0 0 5
6 235 0 1
3 79 0 0
220 27 0 0
109 9 0 230
54 3 0 51
26 85 75 11
13 29 17 3
6 10 240 95
3 3 95 21
2 1 38 5
1 0 15 1
0 0 6 0
0 210 2 0
0 71 1 230
0 24 0 51
0 120 0 11
0 40 0 3
245 14 0 95
121 5 0 21
60 2 0 5
29 1 0 1
15 0 0 0
7 245 0 0
4 82 0 230
2 28 0 51
1 90 0 11
0 30 0 3
0 10 240 95
0 3 95 21
0 1 38 5
0 175 15 1
0 59 6 0
0 20 2 0
0 7 1 230
0 2 0 51
220 1 75 11
109 0 17 3
54 0 4 95
26 0 1 21
13 0 0 5
6 235 0 1
3 79 0 0
220 27 0 0
109 9 0 230
54 3 0 51
26 85 75 11
13 29 17 3
6 10 240 95
3 3 95 21
2 1 38 5
1 0 15 1
0 0 6 0
0 210 2 0
0 210 1 230
0 132 0 51
0 120 0 11
0 53 0 3
245 33 0 1
121 21 0 0
60 13 0 0
29 8 0 0
15 5 0 0
7 245 0 0
4 82 0 230
2 28 0 51
1 9 0 11
0 3 0 3
0 1 180 1
0 0 72 0
0 0 28 0
0 0 11 0
0 0 4 0
0 0 2 0
0 0 1 230
0 0 0 51
0 0 0 11
0 0 0 3
0 0 0 1
0 0 0 0
0 0 0 0
0 235 0 0
0 79 0 0
0 27 0 0
0 9 0 230
0 3 0 51
0 1 0 11
0 0 0 3
0 0 180 1
0 0 72 0
0 0 28 0
0 0 11 0
0 0 4 0
0 0 2 0
0 0 1 230
0 0 0 51
0 0 0 11
0 0 0 3
245 0 0 1
121 0 0 0
60 0 0 0
29 0 0 0
15 0 0 0
7 245 0 0
4 82 0 230
2 28 0 51
1 9 0 11
0 3 0 3
0 1 180 1
0 0 72 0
0 0 28 0
0 0 11 0
0 0 4 0
0 0 2 0
0 0 1 230
0 0 0 51
0 0 0 11
0 0 0 3
0 0 0 1
0 0 0 0
0 0 0 0
0 235 0 0
0 79 0 0
0 27 0 0
0 9 0 230
0 3 0 51
0 1 0 11
0 0 0 3
0 0 180 1
0 0 72 0
0 0 28 0
0 0 11 0
0 0 4 0
0 0 2 0
0 0 1 230
0 0 0 51
0 0 165 11
0 0 55 3
245 0 19 95
121 0 6 21
60 0 2 5
29 0 1 1
15 0 0 0
7 245 0 0
4 82 0 230
2 28 0 51
1 90 0 11
0 30 0 3
0 10 240 95
0 3 95 21
0 1 38 5
0 175 15 1
0 59 6 0
0 20 2 0
0 7 1 230
0 2 0 51
220 1 75 11
109 0 17 3
54 0 4 95
26 0 1 21
13 0 0 5
6 235 0 1
3 79 0 0
220 27 0 0
109 9 0 230
54 3 0 51
26 85 75 11
13 29 17 3
6 10 240 95
3 3 95 21
2 1 38 5
1 0 15 1
0 0 6 0
0 210 2 0
0 71 1 230
0 24 0 51
0 120 0 11
0 40 0 3
245 14 0 95
121 5 0 21
60 2 0 5
29 1 0 1
15 0 0 0
7 245 0 0
4 82 0 230
2 28 0 51
1 90 0 11
0 30 0 3
0 10 240 95
0 3 95 21
0 1 38 5
0 175 15 1
0 59 6 0
0 20 2 0
0 7 1 230
0 2 0 51
220 1 75 11
109 0 17 3
54 0 4 95
26 0 1 21
13 0 0 5
6 235 0 1
3 79 0 0
220 27 0 0
109 9 0 230
54 3 0 51
26 85 75 11
13 29 17 3
6 10 240 95
3 3 95 21
2 1 38 5
1 0 15 1
0 0 6 0
0 210 2 0
0 210 1 230
0 132 0 51
0 120 0 11
0 53 0 3
245 33 0 95
121 21 0 21
60 13 0 5
29 8 0 1
15 5 0 0
7 245 0 0
4 82 0 230
2 28 0 51
1 90 0 11
0 30 0 3
0 10 240 95
0 3 95 21
0 1 38 5
0 175 15 1
0 59 6 0
0 20 2 0
0 7 1 230
0 2 0 51
220 1 75 11
109 0 17 3
54 0 4 95
26 0 1 21
13 0 0 5
6 235 0 1
3 79 0 0
220 27 0 0
109 9 0 230
54 3 0 51
26 85 75 11
13 29 17 3
6 10 240 95
3 3 95 21
2 1 38 5
1 0 15 1
0 0 6 0
0 210 2 0
0 71 1 230
0 24 0 51
0 120 0 11
0 40 0 3
245 14 0 95
121 5 0 21
60 2 0 5
29 1 0 1
15 0 0 0
7 245 0 0
4 82 0 230
2 28 0 51
1 90 0 11
0 30 0 3
0 10 240 95
0 3 95 21
0 1 38 5
0 175 15 1
0 59 6 0
0 20 2 0
0 7 1 230
0 2 0 51
220 1 75 11
109 0 17 3
54 0 4 95
26 0 1 21
13 0 0 5
6 235 0 1
3 79 0 0
220 27 0 0
109 9 0 230
54 3 0 51
26 85 75 11
13 29 17 3
6 10 240 95
3 3 95 21
2 1 38 5
1 0 15 1
0 0 6 0
0 210 2 0
0 210 1 230
0 132 0 51
0 120 165 11
0 53 55 3
245 33 19 95
121 21 6 21
60 13 2 5
29 8 1 1
15 5 0 0
7 245 0 0
4 82 0 230
2 28 0 51
1 90 0 11
0 30 0 3
0 10 240 95
0 3 95 21
0 1 38 5
0 175 15 1
0 59 6 0
0 20 2 0
0 7 1 230
0 2 0 51
220 1 75 11
109 0 17 3
54 0 4 95
26 0 1 21
13 0 0 5
6 235 0 1
3 79 0 0
220 27 0 0
109 9 0 230
54 3 0 51
26 85 75 11
13 29 17 3
6 10 240 95
3 3 95 21
2 1 38 5
1 0 15 1
0 0 6 0
0 210 2 0
0 71 1 230
0 24 0 51
0 120 0 11
0 40 0 3
245 14 0 95
121 5 0 21
60 2 0 5
29 1 0 1
15 0 0 0
7 245 0 0
4 82 0 230
2 28 0 51
1 90 0 11
0 30 0 3
0 10 240 95
0 3 95 21
0 1 38 5
0 175 15 1
0 59 6 0
0 20 2 0
0 7 1 230
0 2 0 51
220 1 75 11
109 0 17 3
54 0 4 95
26 0 1 21
13 0 0 5
6 235 0 1
3 79 0 0
220 27 0 0
109 9 0 230
54 3 0 51
26 85 75 11
13 29 17 3
6 10 240 95
3 3 95 21
2 1 38 5
1 0 15 1
0 0 6 0
0 210 2 0
0 210 1 230
0 132 0 51
0 120 0 11
0 53 0 3
245 33 0 1
121 21 0 0
60 13 0 0
29 8 0 0
15 5 0 0
7 245 0 0
4 82 0 230
2 28 0 51
1 9 0 11
0 3 0 3
0 1 180 1
0 0 72 0
0 0 28 0
0 0 11 0
0 0 4 0
0 0 2 0
0 0 1 230
0 0 0 51
0 0 0 11
0 0 0 3
0 0 0 1
0 0 0 0
0 0 0 0
0 235 0 0
0 79 0 0
0 27 0 0
0 9 0 230
0 3 0 51
0 1 0 11
0 0 0 3
0 0 180 1
0 0 72 0
0 0 28 0
0 0 11 0
0 0 4 0
0 0 2 0
0 0 1 230
0 0 0 51
0 0 0 11
0 0 0 3
245 0 0 95
121 0 0 21
60 0 0 5
29 0 0 1
15 0 0 0
7 245 0 0
4 82 0 230
2 28 0 51
1 90 0 11
0 30 0 3
0 10 240 95
0 3 95 21
0 1 38 5
0 175 15 1
0 59 6 0
0 20 2 0
0 7 1 230
0 2 0 51
220 1 75 11
109 0 17 3
54 0 4 95
26 0 1 21
13 0 0 5
6 235 0 1
3 79 0 0
220 27 0 0
109 9 0 230
54 3 0 51
26 85 75 11
13 29 17 3
6 10 240 95
3 3 95 21
2 1 38 5
1 0 15 1
0 0 6 0
0 210 2 0
0 210 1 230
0 132 0 51
0 120 165 11
0 53 55 3
