250 245 7 100
250 82 2 18
250 28 1 3
212 9 0 1
179 3 0 210
152 1 0 38
128 0 0 7
109 0 0 100
92 0 0 18
78 0 0 3
66 0 0 1
56 210 0 210
47 71 0 38
40 24 0 7
34 8 240 100
29 3 108 18
24 1 48 3
21 0 22 1
17 0 10 210
15 210 4 38
12 71 2 7
11 24 1 1
9 8 0 0
220 3 0 0
220 1 0 0
167 210 0 210
128 71 0 38
97 24 0 7
250 245 0 100
250 82 0 18
250 28 0 3
212 9 0 1
179 3 0 210
152 1 0 38
128 0 0 7
109 0 0 100
92 0 0 18
78 0 0 3
66 0 0 1
56 210 0 210
47 71 0 38
40 24 0 7
34 8 240 100
29 3 108 18
24 1 48 3
21 0 22 1
17 0 10 210
220 210 4 38
220 71 2 7
167 24 1 115
128 8 0 185
97 3 0 135
74 1 0 240
56 210 0 210
43 71 0 38
33 24 0 7
250 245 0 100
250 82 0 18
250 28 0 3
212 9 0 1
179 3 0 210
152 1 0 38
128 0 0 7
109 0 0 100
92 0 0 18
78 0 0 3
66 0 0 1
56 210 0 210
47 71 0 38
40 24 0 7
34 8 240 100
29 3 108 18
24 1 48 3
21 0 22 1
17 0 10 210
15 210 4 38
12 71 2 7
11 24 1 1
9 8 0 0
220 3 0 0
220 1 0 0
167 210 0 210
128 71 0 38
97 24 0 7
250 245 0 100
250 82 0 18
250 28 0 3
212 9 0 1
179 3 0 210
152 1 0 38
128 0 0 7
109 0 0 100
92 0 0 18
78 0 0 3
66 0 0 1
56 210 0 210
47 71 0 38
40 24 0 7
34 8 240 100
29 3 108 18
24 1 48 3
21 0 22 1
17 0 10 210
220 210 4 38
220 71 2 7
167 24 1 115
128 8 0 185
97 3 0 135
74 1 0 240
56 210 0 210
43 71 105 38
33 24 28 7
250 245 7 100
250 82 2 18
250 28 1 3
212 9 0 1
179 3 0 210
152 1 0 38
128 0 0 7
109 0 0 100
92 0 0 18
78 0 0 3
66 0 0 1
56 210 0 210
47 71 0 38
40 24 0 7
34 8 240 100
29 3 108 18
24 1 48 3
21 0 22 1
17 0 10 210
15 210 4 38
12 71 2 7
11 24 1 1
9 8 0 0
220 3 0 0
220 1 0 0
167 210 0 210
128 71 0 38
97 24 0 7
250 245 0 100
250 82 0 18
250 28 0 3
212 9 0 1
179 3 0 210
152 1 0 38
128 0 0 7
109 0 0 100
92 0 0 18
78 0 0 3
66 0 0 1
56 210 0 210
47 71 0 38
40 24 0 7
34 8 240 100
29 3 108 18
24 1 48 3
21 0 22 1
17 0 10 210
220 210 4 38
220 71 2 7
167 24 1 115
128 8 0 185
97 3 0 135
74 1 0 240
56 210 0 210
43 71 0 38
33 24 0 7
185 245 0 1
185 82 0 0
185 28 0 0
157 9 0 0
133 3 0 210
112 1 0 38
95 0 0 7
80 0 0 1
68 0 0 0
58 0 0 0
49 0 0 0
41 0 0 210
35 0 0 38
30 0 0 7
25 0 240 1
21 0 108 0
18 0 48 0
15 0 22 0
13 0 10 210
11 0 4 38
9 0 2 7
8 0 1 1
7 0 0 0
6 0 0 0
5 0 0 0
4 0 0 210
3 0 0 38
3 0 0 7
185 245 0 1
185 82 0 0
185 28 0 0
157 9 0 0
133 3 0 210
112 1 0 38
95 0 0 7
80 0 0 1
68 0 0 0
58 0 0 0
49 0 0 0
41 0 0 210
35 0 0 38
30 0 0 7
25 0 240 1
21 0 108 0
18 0 48 0
15 0 22 0
13 0 10 210
11 0 4 38
9 0 2 7
8 0 1 1
7 0 0 0
6 0 0 0
5 0 0 0
4 0 0 210
3 0 105 38
3 0 28 7
250 245 7 100
250 82 2 18
250 28 1 3
212 9 0 1
179 3 0 210
152 1 0 38
128 0 0 7
109 0 0 100
92 0 0 18
78 0 0 3
66 0 0 1
56 210 0 210
47 71 0 38
40 24 0 7
34 8 240 100
29 3 108 18
24 1 48 3
21 0 22 1
17 0 10 210
15 210 4 38
12 71 2 7
11 24 1 1
9 8 0 0
220 3 0 0
220 1 0 0
167 210 0 210
128 71 0 38
97 24 0 7
250 245 0 100
250 82 0 18
250 28 0 3
212 9 0 1
179 3 0 210
152 1 0 38
128 0 0 7
109 0 0 100
92 0 0 18
78 0 0 3
66 0 0 1
56 210 0 210
47 71 0 38
40 24 0 7
34 8 240 100
29 3 108 18
24 1 48 3
21 0 22 1
17 0 10 210
220 210 4 38
220 71 2 7
167 24 1 115
128 8 0 185
97 3 0 135
74 1 0 240
56 210 0 210
43 71 0 38
33 24 0 7
250 245 0 100
250 82 0 18
250 28 0 3
212 9 0 1
179 3 0 210
152 1 0 38
128 0 0 7
109 0 0 100
92 0 0 18
78 0 0 3
66 0 0 1
56 210 0 210
47 71 0 38
40 24 0 7
34 8 240 100
29 3 108 18
24 1 48 3
21 0 22 1
17 0 10 210
15 210 4 38
12 71 2 7
11 24 1 1
9 8 0 0
220 3 0 0
220 1 0 0
167 210 0 210
128 71 0 38
97 24 0 7
250 245 0 100
250 82 0 18
250 28 0 3
212 9 0 1
179 3 0 210
152 1 0 38
128 0 0 7
109 0 0 100
92 0 0 18
78 0 0 3
66 0 0 1
56 210 0 210
47 71 0 38
40 24 0 7
34 8 240 100
29 3 108 18
24 1 48 3
21 0 22 1
17 0 10 210
220 210 4 38
220 71 2 7
167 24 1 115
128 8 0 185
97 3 0 135
74 1 0 240
56 210 0 210
43 71 105 38
33 24 28 7
250 245 7 100
250 82 2 18
250 28 1 3
212 9 0 1
179 3 0 210
152 1 0 38
128 0 0 7
109 0 0 100
92 0 0 18
78 0 0 3
66 0 0 1
56 210 0 210
47 71 0 38
40 24 0 7
34 8 240 100
29 3 108 18
24 1 48 3
21 0 22 1
17 0 10 210
15 210 4 38
12 71 2 7
11 24 1 1
9 8 0 0
220 3 0 0
220 1 0 0
167 210 0 210
128 71 0 38
97 24 0 7
250 245 0 100
250 82 0 18
250 28 0 3
212 9 0 1
179 3 0 210
152 1 0 38
128 0 0 7
109 0 0 100
92 0 0 18
78 0 0 3
66 0 0 1
56 210 0 210
47 71 0 38
40 24 0 7
34 8 240 100
29 3 108 18
24 1 48 3
21 0 22 1
17 0 10 210
220 210 4 38
220 71 2 7
167 24 1 115
128 8 0 185
97 3 0 135
74 1 0 240
56 210 0 210
43 71 0 38
33 24 0 7
185 245 0 1
185 82 0 0
185 28 0 0
157 9 0 0
133 3 0 210
112 1 0 38
95 0 0 7
80 0 0 1
68 0 0 0
58 0 0 0
49 0 0 0
41 0 0 210
35 0 0 38
30 0 0 7
25 0 240 1
21 0 108 0
18 0 48 0
15 0 22 0
13 0 10 210
11 0 4 38
9 0 2 7
8 0 1 1
7 0 0 0
6 0 0 0
5 0 0 0
4 0 0 210
3 0 0 38
3 0 0 7
250 245 0 100
250 82 0 18
250 28 0 3
212 9 0 1
179 3 0 210
152 1 0 38
128 0 0 7
109 0 0 100
92 0 0 18
78 0 0 3
66 0 0 1
56 210 0 210
47 71 0 38
40 24 0 7
34 8 240 100
29 3 108 18
24 1 48 3
21 0 22 1
17 0 10 210
220 210 4 38
220 71 2 7
167 24 1 115
128 8 0 185
97 3 0 135
74 1 0 240
56 210 0 210
43 71 105 38
33 24 28 7
