245 48 35 85
138 32 14 29
78 21 5 10
44 14 2 4
25 190 1 205
14 190 0 69
8 126 0 23
4 83 0 8
218 55 240 85
123 36 118 29
70 24 58 10
39 16 29 3
22 10 14 205
13 7 7 69
7 230 3 23
4 230 2 8
218 152 1 85
123 101 0 29
70 66 0 10
39 44 0 3
22 165 0 205
13 165 0 69
7 109 0 23
4 72 0 8
218 48 240 85
123 32 118 29
70 21 58 10
39 14 29 3
22 210 14 205
13 210 7 69
7 139 3 23
4 92 2 8
245 61 1 85
138 40 0 29
78 27 0 10
44 18 0 3
25 230 0 205
14 230 0 69
8 152 0 23
4 101 0 8
218 66 240 85
123 44 118 29
70 29 58 10
39 19 29 3
22 13 14 205
13 8 7 69
7 165 3 23
4 165 2 8
218 109 1 85
123 72 0 29
70 48 0 10
39 32 0 3
22 210 0 205
13 210 0 69
7 139 0 23
4 92 0 8
218 61 240 85
123 40 118 29
70 27 58 10
39 18 29 3
22 190 14 205
13 190 7 69
7 126 3 23
4 83 2 8
245 55 1 85
138 36 0 29
78 24 0 10
44 16 0 3
25 165 0 205
14 165 0 69
8 109 0 23
4 72 0 8
218 48 240 85
123 32 118 29
70 21 58 10
39 14 29 3
22 9 14 205
13 6 7 69
7 210 3 23
4 210 2 8
218 139 1 85
123 92 0 29
70 61 0 10
39 40 0 3
22 190 0 205
13 190 0 69
7 126 0 23
4 83 0 8
218 55 240 85
123 36 118 29
70 24 58 10
39 16 29 3
22 230 14 205
13 230 7 69
7 152 3 23
4 101 2 8
245 66 1 85
138 44 0 29
78 29 0 10
44 19 0 3
25 210 0 205
14 210 0 69
8 139 0 23
4 92 0 8
218 61 240 85
123 40 118 29
70 27 58 10
39 18 29 3
22 12 14 205
13 8 7 69
7 190 3 23
4 190 2 8
218 126 1 85
123 83 0 29
70 55 0 10
39 36 0 3
22 230 0 205
13 230 0 69
7 152 0 23
4 101 0 8
218 66 240 85
123 44 118 29
70 29 130 10
39 19 52 3
22 165 175 235
13 165 70 129
7 109 220 71
4 72 87 39
245 48 35 85
138 32 14 29
78 21 5 10
44 14 2 4
25 190 1 205
14 190 0 69
8 126 0 23
4 83 0 8
218 55 240 85
123 36 118 29
70 24 58 10
39 16 29 3
22 10 14 205
13 7 7 69
7 230 3 23
4 230 2 8
218 152 1 85
123 101 0 29
70 66 0 10
39 44 0 3
22 165 0 205
13 165 0 69
7 109 0 23
4 72 0 8
218 48 240 85
123 32 118 29
70 21 58 10
39 14 29 3
22 210 14 205
13 210 7 69
7 139 3 23
4 92 2 8
245 61 1 85
138 40 0 29
78 27 0 10
44 18 0 3
25 230 0 205
14 230 0 69
8 152 0 23
4 101 0 8
218 66 240 85
123 44 118 29
70 29 58 10
39 19 29 3
22 13 14 205
13 8 7 69
7 165 3 23
4 165 2 8
218 109 1 85
123 72 0 29
70 48 0 10
39 32 0 3
22 210 0 205
13 210 0 69
7 139 0 23
4 92 0 8
218 61 240 85
123 40 118 29
70 27 58 10
39 18 29 3
22 190 14 205
13 190 7 69
7 126 3 23
4 83 2 8
245 55 1 3
138 36 0 1
78 24 0 0
44 16 0 0
25 165 0 205
14 165 0 69
8 109 0 23
4 72 0 8
3 48 145 3
1 32 72 1
1 21 35 0
0 14 17 0
0 9 9 205
0 6 4 69
0 4 2 23
0 3 1 8
0 2 1 3
0 1 0 1
0 1 0 0
0 1 0 0
0 190 0 205
0 190 0 69
0 126 0 23
0 83 0 8
0 55 145 3
0 36 72 1
0 24 35 0
0 16 17 0
0 10 9 205
0 7 4 69
0 5 2 23
0 3 1 8
245 2 1 3
138 1 0 1
78 1 0 0
44 1 0 0
25 210 0 205
14 210 0 69
8 139 0 23
4 92 0 8
3 61 145 3
1 40 72 1
1 27 35 0
0 18 17 0
0 12 9 205
0 8 4 69
0 5 2 23
0 3 1 8
0 2 1 3
0 1 0 1
0 1 0 0
0 1 0 0
0 230 0 205
0 230 0 69
0 152 0 23
0 101 0 8
0 66 145 3
0 44 72 1
0 29 130 0
0 19 52 0
0 13 175 235
0 8 70 129
0 6 220 71
0 4 87 39
245 2 35 85
138 2 14 29
78 1 5 10
44 1 2 4
25 190 1 205
14 190 0 69
8 126 0 23
4 83 0 8
218 55 240 85
123 36 118 29
70 24 58 10
39 16 29 3
22 10 14 205
13 7 7 69
7 230 3 23
4 230 2 8
218 152 1 85
123 101 0 29
70 66 0 10
39 44 0 3
22 165 0 205
13 165 0 69
7 109 0 23
4 72 0 8
218 48 240 85
123 32 118 29
70 21 58 10
39 14 29 3
22 210 14 205
13 210 7 69
7 139 3 23
4 92 2 8
245 61 1 85
138 40 0 29
78 27 0 10
44 18 0 3
25 230 0 205
14 230 0 69
8 152 0 23
4 101 0 8
218 66 240 85
123 44 118 29
70 29 58 10
39 19 29 3
22 13 14 205
13 8 7 69
7 165 3 23
4 165 2 8
218 109 1 85
123 72 0 29
70 48 0 10
39 32 0 3
22 210 0 205
13 210 0 69
7 139 0 23
4 92 0 8
218 61 240 85
123 40 118 29
70 27 58 10
39 18 29 3
22 190 14 205
13 190 7 69
7 126 3 23
4 83 2 8
245 55 1 85
138 36 0 29
78 24 0 10
44 16 0 3
25 165 0 205
14 165 0 69
8 109 0 23
4 72 0 8
218 48 240 85
123 32 118 29
70 21 58 10
39 14 29 3
22 9 14 205
13 6 7 69
7 210 3 23
4 210 2 8
218 139 1 85
123 92 0 29
70 61 0 10
39 40 0 3
22 190 0 205
13 190 0 69
7 126 0 23
4 83 0 8
218 55 240 85
123 36 118 29
70 24 58 10
39 16 29 3
22 230 14 205
13 230 7 69
7 152 3 23
4 101 2 8
245 66 1 85
138 44 0 29
78 29 0 10
44 19 0 3
25 210 0 205
14 210 0 69
8 139 0 23
4 92 0 8
218 61 240 85
123 40 118 29
70 27 58 10
39 18 29 3
22 12 14 205
13 8 7 69
7 190 3 23
4 190 2 8
218 126 1 85
123 83 0 29
70 55 0 10
39 36 0 3
22 230 0 205
13 230 0 69
7 152 0 23
4 101 0 8
218 66 240 85
123 44 118 29
70 29 130 10
39 19 52 3
22 165 175 235
13 165 70 129
7 109 220 71
4 72 87 39
245 48 35 85
138 32 14 29
78 21 5 10
44 14 2 4
25 190 1 205
14 190 0 69
8 126 0 23
4 83 0 8
218 55 240 85
123 36 118 29
70 24 58 10
39 16 29 3
22 10 14 205
13 7 7 69
7 230 3 23
4 230 2 8
218 152 1 85
123 101 0 29
70 66 0 10
39 44 0 3
22 165 0 205
13 165 0 69
7 109 0 23
4 72 0 8
218 48 240 85
123 32 118 29
70 21 58 10
39 14 29 3
22 210 14 205
13 210 7 69
7 139 3 23
4 92 2 8
245 61 1 85
138 40 0 29
78 27 0 10
44 18 0 3
25 230 0 205
14 230 0 69
8 152 0 23
4 101 0 8
218 66 240 85
123 44 118 29
70 29 58 10
39 19 29 3
22 13 14 205
13 8 7 69
7 165 3 23
4 165 2 8
218 109 1 85
123 72 0 29
70 48 0 10
39 32 0 3
22 210 0 205
13 210 0 69
7 139 0 23
4 92 0 8
218 61 240 85
123 40 118 29
70 27 58 10
39 18 29 3
22 190 14 205
13 190 7 69
7 126 3 23
4 83 2 8
245 55 1 3
138 36 0 1
78 24 0 0
44 16 0 0
25 165 0 205
14 165 0 69
8 109 0 23
4 72 0 8
3 48 145 3
1 32 72 1
1 21 35 0
0 14 17 0
0 9 9 205
0 6 4 69
0 4 2 23
0 3 1 8
0 2 1 3
0 1 0 1
0 1 0 0
0 1 0 0
0 190 0 205
0 190 0 69
0 126 0 23
0 83 0 8
0 55 145 3
0 36 72 1
0 24 35 0
0 16 17 0
0 10 9 205
0 7 4 69
0 5 2 23
0 3 1 8
245 2 1 85
138 1 0 29
78 1 0 10
44 1 0 3
25 210 0 205
14 210 0 69
8 139 0 23
4 92 0 8
218 61 240 85
123 40 118 29
70 27 58 10
39 18 29 3
22 12 14 205
13 8 7 69
7 190 3 23
4 190 2 8
218 126 1 85
123 83 0 29
70 55 0 10
39 36 0 3
22 230 0 205
13 230 0 69
7 152 0 23
4 101 0 8
218 66 240 85
123 44 118 29
70 29 130 10
39 19 52 3
22 165 175 235
13 165 70 129
7 109 220 71
4 72 87 39
