245 109 35 85
138 72 14 29
78 48 5 10
44 32 2 4
25 21 1 2
14 14 0 205
8 9 0 69
4 190 0 23
3 190 0 8
1 126 240 85
1 83 118 29
0 55 58 10
0 36 29 3
0 24 14 1
218 16 7 205
123 10 3 69
70 230 2 23
39 230 1 8
22 152 0 85
13 101 0 29
7 66 0 10
4 44 0 3
2 29 0 1
1 165 0 205
1 165 0 69
218 109 0 23
123 72 0 8
70 48 240 85
39 32 118 29
22 21 58 10
13 14 29 3
7 9 14 1
4 6 7 205
2 4 3 69
1 210 2 23
1 210 1 8
245 139 0 85
138 92 0 29
78 61 0 10
44 40 0 3
25 27 0 1
14 18 0 205
8 12 0 69
4 230 0 23
3 230 0 8
1 152 240 85
1 101 118 29
0 66 58 10
0 44 29 3
0 29 14 1
218 19 7 205
123 13 3 69
70 165 2 23
39 165 1 8
22 109 0 85
13 72 0 29
7 48 0 10
4 32 0 3
2 21 0 1
1 210 0 205
1 210 0 69
218 139 0 23
123 92 0 8
70 61 240 85
39 40 118 29
22 27 58 10
13 18 29 3
7 12 14 1
4 8 7 205
2 5 3 69
1 190 2 23
1 190 1 8
245 126 0 85
138 83 0 29
78 55 0 10
44 36 0 3
25 24 0 1
14 16 0 205
8 10 0 69
4 165 0 23
3 165 0 8
1 109 240 85
1 72 118 29
0 48 58 10
0 32 29 3
0 21 14 1
218 14 7 205
123 9 3 69
70 210 2 23
39 210 1 8
22 139 0 85
13 92 0 29
7 61 0 10
4 40 0 3
2 27 0 1
1 190 0 205
1 190 0 69
218 126 0 23
123 83 0 8
70 55 240 85
39 36 118 29
22 24 58 10
13 16 29 3
7 10 14 1
4 7 7 205
2 5 3 69
1 230 2 23
1 230 1 8
245 152 0 85
138 101 0 29
78 66 0 10
44 44 0 3
25 29 0 1
14 19 0 205
8 13 0 69
4 210 0 23
3 210 0 8
1 139 240 85
1 92 118 29
0 61 58 10
0 40 29 3
0 27 14 1
218 18 7 205
123 12 3 69
70 190 2 23
39 190 1 8
22 126 0 85
13 83 0 29
7 55 0 10
4 36 0 3
2 24 0 1
1 230 0 205
1 230 0 69
218 152 0 23
123 101 0 8
70 66 240 85
39 44 118 29
22 29 130 10
13 19 52 3
7 13 21 1
4 8 175 235
2 6 70 129
1 165 220 71
1 165 87 39
245 109 35 85
138 72 14 29
78 48 5 10
44 32 2 4
25 21 1 2
14 14 0 205
8 9 0 69
4 190 0 23
3 190 0 8
1 126 240 85
1 83 118 29
0 55 58 10
0 36 29 3
0 24 14 1
218 16 7 205
123 10 3 69
70 230 2 23
39 230 1 8
22 152 0 85
13 101 0 29
7 66 0 10
4 44 0 3
2 29 0 1
1 165 0 205
1 165 0 69
218 109 0 23
123 72 0 8
70 48 240 85
39 32 118 29
22 21 58 10
13 14 29 3
7 9 14 1
4 6 7 205
2 4 3 69
1 210 2 23
1 210 1 8
245 139 0 85
138 92 0 29
78 61 0 10
44 40 0 3
25 27 0 1
14 18 0 205
8 12 0 69
4 230 0 23
3 230 0 8
1 152 240 85
1 101 118 29
0 66 58 10
0 44 29 3
0 29 14 1
218 19 7 205
123 13 3 69
70 165 2 23
39 165 1 8
22 109 0 85
13 72 0 29
7 48 0 10
4 32 0 3
2 21 0 1
1 210 0 205
1 210 0 69
218 139 0 23
123 92 0 8
70 61 240 85
39 40 118 29
22 27 58 10
13 18 29 3
7 12 14 1
4 8 7 205
2 5 3 69
1 190 2 23
1 190 1 8
245 126 0 3
138 83 0 1
78 55 0 0
44 36 0 0
25 24 0 0
14 16 0 205
8 10 0 69
4 165 0 23
3 165 0 8
1 109 145 3
1 72 72 1
0 48 35 0
0 32 17 0
0 21 9 0
0 14 4 205
0 9 2 69
0 6 1 23
0 4 1 8
0 3 0 3
0 2 0 1
0 1 0 0
0 1 0 0
0 1 0 0
0 190 0 205
0 190 0 69
0 126 0 23
0 83 0 8
0 55 145 3
0 36 72 1
0 24 35 0
0 16 17 0
0 10 9 0
0 7 4 205
0 5 2 69
0 3 1 23
0 2 1 8
245 1 0 3
138 1 0 1
78 1 0 0
44 0 0 0
25 0 0 0
14 0 0 205
8 0 0 69
4 210 0 23
3 210 0 8
1 139 145 3
1 92 72 1
0 61 35 0
0 40 17 0
0 27 9 0
0 18 4 205
0 12 2 69
0 8 1 23
0 5 1 8
0 3 0 3
0 2 0 1
0 1 0 0
0 1 0 0
0 1 0 0
0 230 0 205
0 230 0 69
0 152 0 23
0 101 0 8
0 66 145 3
0 44 72 1
0 29 130 0
0 19 52 0
0 13 21 0
0 8 175 235
0 6 70 129
0 4 220 71
0 2 87 39
245 2 35 85
138 1 14 29
78 1 5 10
44 0 2 4
25 0 1 2
14 0 0 205
8 0 0 69
4 190 0 23
3 190 0 8
1 126 240 85
1 83 118 29
0 55 58 10
0 36 29 3
0 24 14 1
218 16 7 205
123 10 3 69
70 230 2 23
39 230 1 8
22 152 0 85
13 101 0 29
7 66 0 10
4 44 0 3
2 29 0 1
1 165 0 205
1 165 0 69
218 109 0 23
123 72 0 8
70 48 240 85
39 32 118 29
22 21 58 10
13 14 29 3
7 9 14 1
4 6 7 205
2 4 3 69
1 210 2 23
1 210 1 8
245 139 0 85
138 92 0 29
78 61 0 10
44 40 0 3
25 27 0 1
14 18 0 205
8 12 0 69
4 230 0 23
3 230 0 8
1 152 240 85
1 101 118 29
0 66 58 10
0 44 29 3
0 29 14 1
218 19 7 205
123 13 3 69
70 165 2 23
39 165 1 8
22 109 0 85
13 72 0 29
7 48 0 10
4 32 0 3
2 21 0 1
1 210 0 205
1 210 0 69
218 139 0 23
123 92 0 8
70 61 240 85
39 40 118 29
22 27 58 10
13 18 29 3
7 12 14 1
4 8 7 205
2 5 3 69
1 190 2 23
1 190 1 8
245 126 0 85
138 83 0 29
78 55 0 10
44 36 0 3
25 24 0 1
14 16 0 205
8 10 0 69
4 165 0 23
3 165 0 8
1 109 240 85
1 72 118 29
0 48 58 10
0 32 29 3
0 21 14 1
218 14 7 205
123 9 3 69
70 210 2 23
39 210 1 8
22 139 0 85
13 92 0 29
7 61 0 10
4 40 0 3
2 27 0 1
1 190 0 205
1 190 0 69
218 126 0 23
123 83 0 8
70 55 240 85
39 36 118 29
22 24 58 10
13 16 29 3
7 10 14 1
4 7 7 205
2 5 3 69
1 230 2 23
1 230 1 8
245 152 0 85
138 101 0 29
78 66 0 10
44 44 0 3
25 29 0 1
14 19 0 205
8 13 0 69
4 210 0 23
3 210 0 8
1 139 240 85
1 92 118 29
0 61 58 10
0 40 29 3
0 27 14 1
218 18 7 205
123 12 3 69
70 190 2 23
39 190 1 8
22 126 0 85
13 83 0 29
7 55 0 10
4 36 0 3
2 24 0 1
1 230 0 205
1 230 0 69
218 152 0 23
123 101 0 8
70 66 240 85
39 44 118 29
22 29 130 10
13 19 52 3
7 13 21 1
4 8 175 235
2 6 70 129
1 165 220 71
1 165 87 39
245 109 35 85
138 72 14 29
78 48 5 10
44 32 2 4
25 21 1 2
14 14 0 205
8 9 0 69
4 190 0 23
3 190 0 8
1 126 240 85
1 83 118 29
0 55 58 10
0 36 29 3
0 24 14 1
218 16 7 205
123 10 3 69
70 230 2 23
39 230 1 8
22 152 0 85
13 101 0 29
7 66 0 10
4 44 0 3
2 29 0 1
1 165 0 205
1 165 0 69
218 109 0 23
123 72 0 8
70 48 240 85
39 32 118 29
22 21 58 10
13 14 29 3
7 9 14 1
4 6 7 205
2 4 3 69
1 210 2 23
1 210 1 8
245 139 0 85
138 92 0 29
78 61 0 10
44 40 0 3
25 27 0 1
14 18 0 205
8 12 0 69
4 230 0 23
3 230 0 8
1 152 240 85
1 101 118 29
0 66 58 10
0 44 29 3
0 29 14 1
218 19 7 205
123 13 3 69
70 165 2 23
39 165 1 8
22 109 0 85
13 72 0 29
7 48 0 10
4 32 0 3
2 21 0 1
1 210 0 205
1 210 0 69
218 139 0 23
123 92 0 8
70 61 240 85
39 40 118 29
22 27 58 10
13 18 29 3
7 12 14 1
4 8 7 205
2 5 3 69
1 190 2 23
1 190 1 8
245 126 0 3
138 83 0 1
78 55 0 0
44 36 0 0
25 24 0 0
14 16 0 205
8 10 0 69
4 165 0 23
3 165 0 8
1 109 145 3
1 72 72 1
0 48 35 0
0 32 17 0
0 21 9 0
0 14 4 205
0 9 2 69
0 6 1 23
0 4 1 8
0 3 0 3
0 2 0 1
0 1 0 0
0 1 0 0
0 1 0 0
0 190 0 205
0 190 0 69
0 126 0 23
0 83 0 8
0 55 145 3
0 36 72 1
0 24 35 0
0 16 17 0
0 10 9 0
0 7 4 205
0 5 2 69
0 3 1 23
0 2 1 8
245 1 0 85
138 1 0 29
78 1 0 10
44 0 0 3
25 0 0 1
14 0 0 205
8 0 0 69
4 210 0 23
3 210 0 8
1 139 240 85
1 92 118 29
0 61 58 10
0 40 29 3
0 27 14 1
218 18 7 205
123 12 3 69
70 190 2 23
39 190 1 8
22 126 0 85
13 83 0 29
7 55 0 10
4 36 0 3
2 24 0 1
1 230 0 205
1 230 0 69
218 152 0 23
123 101 0 8
70 66 240 85
39 44 118 29
22 29 130 10
13 19 52 3
7 13 21 1
4 8 175 235
2 6 70 129
1 165 220 71
1 165 87 39
