7 7 7 7
7 7 7 7
7 7 7 7
7 7 7 7
7 7 7 7
7 7 7 7
7 7 7 7
10 7 7 7
7 7 7 7
10 7 7 7
9 7 7 7
7 7 7 7
7 7 7 7
7 7 7 7
7 7 7 7
7 7 7 7
7 7 7 7
20 7 7 7
15 7 7 7
10 9 7 7
10 7 7 7
10 7 7 7
12 7 7 7
11 7 7 7
13 9 7 7
15 12 7 7
19 9 7 7
26 12 7 7
25 20 7 7
29 10 7 7
30 12 7 7
42 15 7 7
30 18 7 7
27 12 7 7
33 21 7 7
33 17 7 7
27 16 7 7
61 38 7 7
23 14 7 7
43 40 7 7
36 22 7 7
32 33 7 7
52 27 7 7
37 46 7 7
59 32 16 7
67 46 8 7
51 45 11 7
54 36 13 7
63 38 11 7
70 37 12 7
84 57 13 7
68 41 11 7
60 45 9 7
55 36 11 7
63 39 15 7
52 37 12 7
65 59 16 7
104 45 14 7
106 92 17 7
75 47 15 7
70 45 19 7
94 57 18 7
83 61 15 7
113 77 26 7
89 59 17 7
89 56 21 7
77 79 17 7
76 73 34 7
97 62 20 7
91 74 29 7
98 85 35 7
132 66 26 7
116 96 34 7
125 79 24 7
103 108 24 7
111 91 41 7
155 75 42 7
122 113 30 7
115 61 27 7
158 95 54 7
156 83 40 7
138 78 37 7
155 107 57 7
128 123 32 7
147 98 43 7
147 91 44 8
120 116 36 7
131 65 32 7
124 154 42 7
166 132 45 7
139 105 38 8
155 87 44 7
135 111 46 11
181 131 42 8
140 100 53 7
149 116 52 13
185 100 60 10
166 113 43 9
190 148 64 9
171 106 46 10
170 157 40 10
154 122 67 10
155 167 64 11
144 133 57 11
174 143 61 12
199 150 56 13
172 129 56 12
180 145 73 12
174 127 74 13
165 109 65 14
175 148 67 12
197 136 63 13
177 153 80 15
172 165 70 13
195 127 67 16
152 137 76 11
214 155 96 23
179 141 71 17
197 134 79 15
184 158 69 14
195 137 89 26
188 148 91 17
184 134 89 16
175 164 87 16
204 142 81 18
211 137 73 19
189 134 84 17
201 183 96 19
192 133 77 19
214 155 92 18
198 142 85 23
195 141 100 22
204 161 101 18
177 147 82 19
177 143 82 22
187 185 75 20
204 148 109 22
184 193 88 26
173 155 105 21
230 183 87 25
200 160 109 21
197 187 96 20
197 155 126 24
206 154 88 28
222 173 87 22
208 162 78 20
196 179 92 23
222 159 84 25
210 163 111 22
202 160 102 23
200 157 109 23
242 248 247 95
234 230 216 53
234 236 217 53
227 246 231 57
223 233 215 56
221 234 214 43
220 225 201 40
233 224 201 34
231 228 208 35
223 223 199 39
220 223 200 45
218 211 185 28
224 217 196 37
218 214 183 35
228 223 186 33
221 220 189 28
222 228 213 55
244 238 230 70
230 238 218 45
224 235 217 40
221 227 202 38
227 226 203 50
236 222 201 34
221 218 189 43
233 229 207 35
236 225 196 33
225 222 193 30
234 228 213 64
223 219 196 32
222 219 188 33
223 221 186 28
215 213 190 40
224 242 226 63
231 228 211 48
239 231 212 46
218 229 207 37
240 237 209 37
225 217 190 30
221 222 205 39
235 217 193 35
223 217 190 29
223 225 188 33
220 215 194 33
217 220 185 33
228 219 182 28
213 215 195 33
234 234 212 38
218 234 213 58
248 248 248 248
248 239 233 220
243 238 231 213
242 243 242 211
241 241 243 243
239 242 241 233
244 240 243 234
242 240 244 232
241 241 240 236
244 239 244 233
235 233 240 227
242 235 239 227
237 241 241 235
237 243 242 236
237 238 240 227
243 236 238 228
248 248 248 245
246 240 238 230
243 245 243 232
240 241 240 230
237 242 239 227
236 239 241 225
234 237 235 220
228 237 238 217
248 241 243 244
247 246 239 229
242 239 235 211
242 239 234 217
244 247 242 236
241 243 238 227
244 244 241 227
242 248 239 224
248 248 248 240
245 238 223 202
242 242 231 196
240 246 229 196
244 246 237 209
240 242 225 187
240 241 236 185
239 238 228 201
238 243 242 245
247 240 231 220
247 238 225 182
247 239 228 170
245 238 232 234
244 244 231 207
243 240 216 148
240 235 220 154
243 248 248 248
248 236 237 227
242 239 238 226
238 238 232 222
247 237 239 235
248 245 237 223
242 235 232 201
241 238 228 196
244 242 236 233
240 231 229 225
237 231 222 178
240 232 218 154
235 232 212 147
233 222 204 135
234 223 215 119
231 223 208 109
248 248 248 248
248 232 227 219
244 242 235 202
238 246 241 210
242 242 231 204
240 238 234 201
242 241 234 207
241 243 233 175
246 236 232 237
241 240 231 224
241 241 231 168
247 239 225 176
243 241 228 176
240 239 230 213
242 236 219 123
239 235 218 142
247 248 248 248
247 238 237 228
244 246 242 229
242 239 239 229
243 243 237 225
240 242 237 223
241 240 236 216
237 233 234 207
248 245 241 237
244 241 239 229
240 238 234 200
238 239 233 184
246 243 235 237
244 247 240 225
242 243 237 220
241 248 240 219
240 248 248 244
248 243 230 220
245 243 227 195
240 241 229 188
245 242 235 207
243 238 226 177
242 242 234 167
241 240 228 170
248 248 235 234
245 240 231 231
244 245 225 185
240 245 227 176
247 243 236 230
243 242 227 197
244 241 223 149
242 240 220 140
246 248 248 248
246 240 235 225
244 247 238 222
242 246 234 221
241 245 238 221
245 245 235 217
242 244 235 201
242 245 231 198
247 247 233 218
246 243 232 224
241 242 230 186
239 247 225 157
239 242 224 151
237 242 218 145
243 242 226 143
238 242 225 129
246 248 248 248
248 239 225 220
245 241 227 205
239 240 227 174
245 243 239 223
240 243 236 231
246 245 237 216
239 241 234 195
241 247 233 227
243 243 239 230
237 240 231 169
233 238 231 148
245 244 237 241
246 247 240 237
242 244 231 208
241 240 231 180
248 248 248 248
248 238 237 228
244 244 241 232
238 239 237 227
242 247 239 224
234 240 236 223
236 237 234 210
227 236 236 214
248 241 239 242
248 239 237 237
243 236 229 210
240 241 237 197
246 246 240 239
244 246 237 229
242 244 238 224
241 243 236 228
244 248 248 243
248 237 231 219
245 243 228 200
244 240 229 195
242 244 234 195
245 243 233 197
243 238 233 191
242 241 229 181
245 238 230 229
248 241 233 233
243 239 226 171
240 237 230 152
241 233 228 233
245 246 233 225
242 240 225 153
240 239 223 137
248 248 248 248
248 231 235 227
243 243 241 226
236 234 234 223
240 236 235 227
237 236 234 225
238 237 233 211
236 233 232 205
244 239 232 222
248 236 235 235
238 231 226 185
231 227 219 162
230 226 213 142
232 227 212 127
227 229 209 116
220 233 218 106
245 248 248 248
248 238 227 221
245 241 221 204
245 244 226 198
245 244 234 215
244 247 238 196
244 243 226 194
248 247 235 207
243 243 233 222
243 242 236 237
245 242 221 182
242 243 226 155
240 242 222 180
237 239 229 229
231 235 214 143
232 243 223 125
248 248 248 248
248 239 236 229
244 242 242 234
238 240 238 230
244 243 237 224
235 244 239 225
238 233 235 218
235 238 238 212
242 236 238 223
248 247 243 242
242 240 235 217
238 240 232 193
248 246 241 235
242 244 239 228
240 242 238 225
248 244 238 231
243 248 248 241
248 236 219 216
244 230 229 200
241 242 235 209
244 236 230 203
242 242 231 195
245 237 228 189
240 241 234 196
238 234 232 225
248 248 244 234
244 242 225 193
245 247 232 176
241 243 230 212
244 243 233 222
240 243 231 163
242 242 224 145
248 248 248 248
248 241 235 225
245 247 242 223
242 245 237 219
242 245 236 219
243 244 236 225
239 245 234 206
239 243 234 198
243 243 233 209
243 244 238 235
238 242 231 184
243 242 229 169
240 244 228 152
242 244 228 145
239 241 223 133
239 244 218 124
242 248 248 248
248 236 230 222
245 247 225 190
241 241 233 177
241 246 239 235
244 242 238 222
246 239 234 216
242 239 234 197
239 246 233 208
245 239 232 237
238 241 226 183
237 237 222 156
238 235 224 189
243 244 245 247
242 247 237 220
245 240 228 193
248 248 248 248
248 238 240 233
245 241 239 228
237 237 237 225
239 237 238 224
234 239 237 227
242 239 240 218
236 237 237 213
246 239 236 225
248 247 242 246
243 238 236 225
243 237 232 208
242 244 238 235
246 245 235 226
246 243 238 225
244 243 236 221
243 248 248 239
248 239 229 219
244 233 227 198
241 239 235 206
236 233 228 194
243 244 234 183
239 243 234 201
237 240 229 190
248 242 231 231
248 241 240 242
243 236 230 211
241 245 226 189
241 236 234 214
242 239 230 231
242 245 217 166
242 235 217 140
248 248 248 248
248 234 235 232
244 238 237 224
239 235 235 225
238 232 232 226
248 241 238 235
247 244 234 215
241 236 230 202
237 239 230 211
246 235 236 242
239 234 223 193
236 232 223 175
232 228 217 156
230 225 214 142
229 239 229 138
235 220 203 112
237 248 248 246
248 236 227 228
245 244 222 179
243 243 229 184
239 241 231 176
243 244 233 170
239 240 225 152
239 244 232 171
243 240 226 200
247 244 242 243
241 242 227 182
239 238 225 147
233 235 224 135
229 242 223 231
230 237 213 117
245 230 211 86
248 248 248 248
248 236 239 232
244 242 238 228
239 238 239 228
244 245 237 226
241 238 236 224
235 235 235 219
231 237 232 210
243 241 240 228
248 246 240 242
245 242 235 210
241 237 232 195
245 244 233 231
248 246 237 212
247 246 235 219
246 247 236 213
244 248 248 230
248 242 230 223
246 235 213 180
241 246 244 178
245 235 219 167
241 233 220 172
239 234 222 159
240 236 220 168
238 239 230 187
248 248 239 244
243 241 225 208
247 248 235 192
243 244 230 187
242 243 232 226
241 240 223 168
245 244 223 138
244 248 248 248
248 243 238 234
243 239 233 223
242 248 236 216
242 245 234 218
243 245 237 228
240 244 234 211
240 244 233 201
238 245 230 199
248 247 240 241
241 242 227 199
243 242 225 175
241 246 226 162
239 242 219 149
239 243 224 147
238 240 221 128
238 248 248 237
248 238 230 234
245 243 232 207
236 238 230 177
242 243 229 183
246 244 241 238
239 243 236 220
247 243 234 199
241 244 238 193
240 241 234 243
239 241 229 178
238 240 225 142
237 239 230 199
248 246 245 247
246 246 233 209
241 240 231 183
245 248 248 248
248 239 238 232
245 238 236 228
241 240 240 226
239 237 235 220
240 241 240 227
239 237 237 218
233 236 233 211
235 242 238 233
248 248 241 240
245 245 235 208
244 243 232 196
241 242 236 236
246 248 243 229
245 242 235 227
242 241 237 226
240 246 246 229
248 238 235 231
242 239 231 209
241 242 229 199
239 245 238 197
240 239 232 197
248 237 230 187
248 240 232 191
243 237 229 200
243 245 240 243
241 240 226 194
239 238 224 166
240 245 231 173
243 241 231 240
238 235 222 170
236 234 219 123
245 248 248 248
248 239 240 232
243 236 237 225
235 239 239 229
235 235 235 223
247 237 236 230
239 239 235 214
232 234 232 207
240 232 228 201
248 241 239 243
236 229 227 203
228 229 223 171
235 226 211 150
219 234 225 137
235 227 208 126
225 228 223 106
241 247 245 235
248 246 235 239
243 241 225 204
240 239 232 208
240 245 225 215
238 241 233 219
239 245 233 209
239 245 225 192
236 244 237 197
248 243 238 246
242 244 230 200
242 241 224 173
242 247 230 163
233 242 221 227
225 240 227 165
232 234 210 124
247 248 248 248
248 242 242 235
243 238 238 231
239 241 241 231
238 242 239 224
230 238 236 230
242 236 236 216
231 235 233 206
246 242 238 224
248 245 245 247
244 243 234 220
245 240 234 203
248 245 238 235
245 246 238 225
243 241 239 235
242 246 236 225
243 246 245 230
248 241 233 228
242 236 226 200
239 236 228 200
242 246 239 202
245 242 230 198
242 241 232 204
238 238 230 189
247 248 236 198
248 244 233 239
244 244 228 195
244 246 225 174
240 244 232 177
248 244 235 239
242 243 227 189
242 243 226 159
242 246 246 245
248 244 240 232
245 240 234 223
245 248 234 218
245 248 233 216
244 245 238 232
243 246 236 209
239 243 233 199
244 246 235 206
248 245 239 239
244 244 232 200
242 244 226 169
240 244 220 155
245 242 216 142
241 245 222 132
236 242 220 124
242 245 243 242
248 243 240 239
243 243 230 216
242 239 236 213
242 243 236 215
240 241 236 215
240 239 232 213
239 244 243 218
238 242 241 210
248 241 239 242
242 243 237 219
239 239 236 203
240 239 234 188
242 239 233 223
244 239 227 191
242 239 224 161
241 238 237 237
248 245 248 242
242 237 235 226
240 236 239 226
239 235 236 223
235 242 244 237
245 245 246 242
235 245 247 240
234 244 247 241
248 243 243 241
239 242 242 238
236 242 239 232
244 242 234 214
237 238 229 209
248 237 229 201
248 237 225 179
238 246 248 248
248 237 234 228
245 231 222 218
248 231 231 216
246 231 229 222
234 227 221 158
238 236 211 151
242 240 228 224
235 240 248 248
248 242 248 248
248 244 241 229
245 248 240 225
245 248 235 219
247 248 234 223
244 248 239 212
246 248 242 199
246 247 241 210
248 242 244 243
244 235 235 225
239 236 239 230
235 234 234 237
241 237 242 236
237 240 240 235
243 233 233 232
248 245 233 228
248 248 235 226
245 245 236 200
248 245 233 198
246 248 243 189
245 246 243 167
246 247 246 182
245 247 248 191
246 247 244 187
247 243 241 244
245 230 226 198
248 231 229 218
248 231 234 208
243 234 240 240
230 234 242 248
233 233 245 248
248 248 243 242
247 248 244 232
248 246 242 226
245 248 247 223
245 247 247 222
244 247 245 229
245 248 245 225
242 248 245 228
243 248 245 225
248 243 243 240
244 237 238 225
248 240 239 232
248 239 236 227
248 242 236 226
247 238 237 223
246 245 245 228
243 248 242 215
245 247 238 238
244 246 238 215
248 247 241 207
247 247 240 207
244 248 238 208
245 248 242 198
243 248 244 204
241 248 245 211
248 239 237 226
241 229 210 157
236 222 205 116
235 221 205 111
223 226 216 104
221 230 237 248
247 230 248 248
248 247 239 215
248 246 240 236
246 248 240 204
246 248 237 173
247 247 236 181
248 247 236 161
246 248 240 154
246 248 244 209
241 240 234 201
248 245 248 246
241 231 235 223
236 234 238 230
239 229 234 231
224 234 233 223
239 235 234 237
242 233 233 231
248 234 228 228
248 229 231 234
248 224 220 221
247 223 212 215
248 210 207 210
248 206 201 216
245 218 197 217
241 202 213 225
246 211 203 223
248 248 248 227
243 206 186 175
241 217 183 116
236 208 202 243
227 212 236 248
234 227 247 248
230 225 245 248
218 214 242 248
248 248 243 248
235 232 239 248
223 222 245 248
217 218 243 248
226 211 237 248
216 210 239 248
209 201 240 248
235 210 199 211
248 248 248 247
240 230 237 229
239 233 239 234
235 231 237 231
247 243 241 241
241 233 241 235
226 229 238 231
219 235 239 230
244 241 239 239
236 236 236 222
223 216 217 178
220 213 209 154
217 211 202 178
215 203 204 221
210 202 200 215
248 245 244 227
245 248 248 243
240 203 228 233
247 202 222 230
248 194 211 225
240 177 182 207
235 196 173 186
208 188 179 197
248 240 237 230
248 248 240 228
248 239 231 212
247 242 234 171
248 241 235 173
248 247 243 205
246 246 245 206
245 248 248 213
246 246 244 205
242 244 247 247
241 228 235 226
241 234 239 228
231 225 231 222
230 230 235 217
234 223 230 212
223 222 228 210
248 234 227 225
248 247 228 237
244 243 237 223
248 241 233 214
246 248 243 206
246 246 241 197
246 246 242 187
246 246 245 205
248 246 244 199
247 247 247 239
242 214 206 177
240 207 183 92
233 220 202 71
224 205 175 76
220 217 201 105
230 217 212 139
248 248 248 244
248 248 247 228
244 245 243 215
242 244 243 207
244 232 226 205
242 220 187 171
242 226 193 169
248 222 231 194
248 231 236 197
246 248 248 248
245 226 234 225
246 236 237 226
244 227 231 222
241 240 236 216
237 231 234 213
230 230 231 207
225 233 234 221
248 246 242 241
248 239 235 222
248 230 222 206
248 237 224 204
246 230 236 219
247 226 228 227
246 236 241 219
248 241 234 209
246 248 248 239
246 233 226 200
247 228 223 195
245 225 231 215
245 225 234 213
246 231 241 216
247 226 235 224
241 175 177 162
241 247 243 242
248 238 238 230
245 242 233 223
247 243 232 211
245 241 233 208
248 242 232 214
247 245 235 207
245 242 231 207
245 248 248 248
243 233 234 224
246 230 237 222
248 223 228 216
246 222 227 209
239 217 226 221
244 227 231 217
248 231 226 226
247 239 229 228
245 229 224 221
246 223 215 222
248 220 207 220
247 211 203 225
242 193 191 199
234 200 191 159
227 192 178 181
248 248 248 248
243 210 191 175
241 189 161 132
231 211 201 227
217 190 231 248
226 200 233 248
228 197 241 248
215 191 239 248
248 248 242 248
244 236 234 244
234 222 235 247
223 208 227 245
231 205 228 248
218 184 223 242
216 166 206 226
235 181 141 168
248 248 248 248
242 227 233 221
237 236 240 235
232 226 235 234
245 242 240 238
240 231 237 233
226 230 234 228
213 219 232 227
248 242 235 239
243 228 228 227
231 217 217 178
229 215 209 162
221 203 197 151
217 197 190 201
213 248 248 248
248 241 246 243
248 248 246 232
245 241 234 200
243 246 247 186
245 247 246 200
244 245 245 201
244 243 244 194
245 217 196 165
248 222 200 151
246 248 248 243
243 245 243 221
246 247 247 196
244 246 247 186
245 247 247 189
244 248 245 186
242 247 242 174
245 246 244 202
243 247 248 248
244 228 232 221
239 235 240 228
230 227 232 221
225 232 232 219
217 229 234 212
228 228 231 207
248 248 240 226
248 248 245 216
247 246 235 213
246 243 237 194
248 247 239 206
248 245 238 190
248 244 238 183
247 243 239 171
248 242 238 164
247 248 248 245
246 237 234 182
245 240 236 145
247 242 239 178
245 241 237 177
224 218 200 87
235 227 206 99
248 248 244 237
248 248 246 233
248 245 238 219
247 243 231 142
248 246 238 130
243 246 239 137
248 248 239 149
245 248 238 142
245 246 237 164
245 248 248 248
244 232 233 222
241 235 237 225
233 227 231 221
239 240 237 218
233 233 232 229
244 234 241 224
248 248 235 216
248 233 228 214
247 248 244 212
247 247 247 188
246 243 243 184
245 245 245 196
247 245 245 205
246 247 245 192
245 245 244 178
243 247 248 247
247 232 224 208
240 229 223 243
230 223 223 248
221 225 248 248
217 216 194 141
233 222 189 133
224 238 236 208
248 248 248 243
246 244 245 225
246 238 237 201
245 242 244 201
245 241 239 210
246 245 239 202
248 245 240 185
245 248 238 197
246 248 248 248
245 230 233 221
243 232 239 226
233 223 229 218
229 225 230 216
226 228 241 237
229 239 248 248
223 241 248 245
248 237 245 235
248 235 228 220
247 232 220 211
248 226 216 230
248 237 217 221
247 226 213 220
242 202 203 208
243 217 206 208
246 248 248 243
247 215 205 189
244 203 184 129
240 199 190 129
238 213 203 120
235 193 176 110
232 222 184 102
216 209 186 92
247 246 239 244
246 244 241 233
235 223 199 136
223 209 175 65
222 197 160 45
212 174 145 43
206 216 218 222
200 179 221 191
248 248 248 248
248 234 236 226
243 233 240 231
232 230 238 237
233 243 245 237
235 241 245 237
224 234 240 234
208 234 243 233
248 236 240 232
240 231 235 233
228 224 228 217
233 221 223 194
227 212 204 154
212 208 198 144
209 248 248 248
198 248 248 248
248 248 248 240
248 234 229 192
246 242 235 172
248 233 232 194
248 234 235 205
247 248 246 189
244 212 206 149
248 215 208 206
247 248 248 236
245 245 242 229
243 244 237 210
243 235 232 221
244 238 230 229
248 248 228 209
243 228 209 195
239 217 200 171
241 248 248 248
248 229 234 225
243 234 240 229
229 231 237 225
235 223 231 218
221 224 228 215
248 248 247 217
243 248 248 217
243 248 244 221
244 245 243 225
243 247 242 213
248 246 238 199
245 247 234 193
244 248 231 173
245 248 231 161
245 248 233 151
243 248 248 245
248 245 228 184
244 245 232 130
242 247 243 127
234 238 232 199
217 214 182 86
222 211 167 97
212 215 182 98
245 241 230 240
247 244 245 230
248 243 225 219
244 245 241 208
246 241 236 207
247 244 239 196
246 244 237 191
247 248 237 199
246 248 248 248
247 237 238 221
242 231 235 224
230 229 232 222
237 232 231 217
230 233 230 208
242 232 232 208
223 233 227 199
248 238 243 241
244 248 240 232
243 243 244 215
243 247 244 210
246 245 243 207
245 244 243 203
245 246 244 202
245 247 245 216
237 248 248 242
248 236 230 195
242 229 183 109
230 214 171 89
238 221 206 87
226 204 172 76
217 199 191 77
231 248 247 240
248 248 246 222
242 244 241 231
248 242 238 199
248 243 237 187
246 245 237 191
246 247 238 183
245 244 237 173
244 245 238 159
246 248 248 248
248 241 240 220
243 237 235 227
232 227 234 239
223 226 234 241
221 229 238 244
231 222 233 234
221 224 238 245
248 229 237 240
248 238 232 230
245 241 228 217
247 238 230 212
248 223 217 231
248 241 228 221
247 225 210 218
230 200 191 188
247 248 248 242
248 220 210 199
244 203 182 160
236 202 171 134
231 205 171 127
240 203 169 112
225 207 168 107
214 212 192 87
245 240 217 212
248 248 248 243
238 230 209 151
227 220 197 102
218 202 168 180
232 201 174 177
205 198 208 215
227 202 209 214
248 248 248 248
248 231 233 226
243 236 237 229
230 230 236 233
237 236 236 233
241 247 243 235
231 232 237 225
216 230 235 221
235 223 225 216
248 229 234 239
234 224 223 188
227 213 215 190
228 222 224 234
234 238 219 233
222 220 218 219
211 220 218 226
248 248 248 226
246 237 221 192
244 243 202 150
244 236 191 134
248 233 213 152
248 210 167 106
248 193 146 116
248 208 160 110
248 236 229 213
247 247 241 237
247 245 237 188
246 247 247 179
245 247 245 167
248 248 243 191
245 245 241 159
244 245 242 166
247 248 248 248
248 244 236 221
244 244 239 220
230 228 233 222
228 225 231 219
214 224 228 210
241 224 230 207
219 220 226 197
241 232 226 211
248 247 240 242
243 248 248 218
244 248 248 197
244 246 244 190
244 245 240 193
243 244 240 207
243 247 243 197
248 245 246 233
248 232 225 198
246 239 235 156
246 246 242 180
244 247 243 176
246 248 243 167
244 248 244 173
243 248 243 170
243 248 245 202
243 247 243 233
242 244 240 190
243 243 238 180
247 245 239 175
247 245 237 154
245 243 235 170
248 247 237 156
246 248 248 248
248 237 233 221
245 228 232 220
241 228 231 217
232 235 232 216
228 234 233 211
229 229 229 207
222 227 228 200
227 229 226 207
248 248 241 240
244 239 232 188
246 239 231 161
244 246 239 203
243 246 238 194
243 246 242 177
246 246 242 176
243 248 246 233
248 243 235 208
245 244 234 176
246 242 234 158
248 240 233 124
245 248 225 112
243 243 224 114
246 239 210 135
247 246 216 177
248 243 241 245
246 245 223 171
247 244 243 137
245 243 236 169
248 243 236 151
247 242 235 145
246 239 226 139
245 248 248 248
248 234 233 217
244 233 231 213
239 237 235 220
248 234 229 216
234 227 229 207
238 226 230 207
231 228 229 200
232 227 226 199
248 241 239 245
248 248 241 201
246 241 230 177
247 248 241 162
246 247 231 135
243 244 223 124
246 246 222 110
243 246 248 243
248 231 214 203
244 233 206 158
244 232 208 167
241 226 213 177
241 231 231 167
240 232 221 169
240 227 221 197
248 243 236 182
245 238 233 245
235 223 210 225
227 211 230 244
224 216 228 240
218 208 239 248
217 196 238 248
213 207 239 248
244 248 248 248
248 232 238 240
242 231 234 225
233 228 234 224
230 222 228 223
245 245 240 233
241 233 231 210
228 227 227 205
228 232 228 202
247 237 240 245
233 230 231 216
228 219 216 184
228 209 202 153
226 243 228 207
231 217 208 168
215 212 197 164
248 248 248 240
248 240 229 213
245 234 200 184
246 223 200 138
248 217 195 153
248 213 197 168
247 209 203 192
248 196 186 211
245 220 211 217
247 248 248 241
248 241 234 217
246 243 230 201
247 243 238 196
246 243 245 199
245 243 241 185
245 241 245 195
247 247 247 244
247 240 241 227
244 244 242 223
243 242 243 223
240 238 237 205
