7 7 7 7
7 7 7 7
7 7 7 7
7 7 7 7
7 7 7 7
7 7 7 7
7 7 7 7
7 7 7 7
7 7 7 7
248 248 248 248
247 226 245 247
240 223 242 246
227 189 235 241
201 189 242 247
177 156 232 241
180 145 228 241
163 140 226 237
175 236 245 248
159 213 234 241
118 141 227 237
131 127 224 236
161 190 238 247
167 130 198 226
133 124 177 209
229 246 244 248
248 247 248 248
243 202 230 234
220 129 192 212
199 84 169 194
191 118 150 176
126 88 135 165
77 105 139 166
204 235 248 248
169 207 225 238
154 120 211 222
123 97 190 221
84 59 175 210
65 58 122 155
128 34 85 102
222 194 240 248
247 165 195 221
234 39 109 149
209 41 78 101
180 35 75 78
153 52 56 73
109 43 65 72
112 95 52 71
128 232 248 248
83 203 218 233
40 70 199 219
32 43 184 220
195 124 235 247
78 16 127 193
43 14 24 67
234 248 248 248
247 247 248 248
233 208 231 232
223 80 157 173
147 23 48 60
135 21 46 46
84 15 30 35
15 7 38 68
211 247 248 248
130 206 220 234
69 106 200 218
18 103 192 219
19 157 182 206
30 78 106 138
21 158 62 14
235 189 241 248
248 168 201 222
232 33 51 133
208 17 10 23
171 10 9 13
152 11 7 10
140 12 14 9
60 14 14 40
80 242 248 248
55 205 219 235
14 95 204 218
7 76 192 219
174 184 233 246
57 42 131 189
24 42 52 61
233 248 247 248
248 247 248 248
242 206 229 230
219 110 145 165
161 79 29 37
138 117 16 15
100 98 11 10
25 29 26 131
198 242 248 248
127 220 218 233
65 182 204 220
31 138 183 220
11 88 163 206
10 33 65 124
7 58 9 9
232 183 248 248
248 171 193 221
230 77 48 128
210 84 10 28
174 97 11 20
143 77 7 14
104 59 8 13
28 41 7 35
114 242 248 248
57 224 217 232
7 138 195 219
7 102 183 218
206 158 238 248
107 44 117 188
142 24 23 59
228 248 248 248
248 247 248 248
238 206 229 229
220 118 163 164
152 46 57 34
122 42 51 15
84 47 48 10
7 20 25 63
215 244 248 248
139 208 218 234
84 144 196 218
40 80 181 219
42 59 165 207
39 86 82 143
31 61 7 9
214 165 248 248
248 173 204 222
231 21 46 129
206 13 7 26
162 81 245 248
135 89 146 207
94 43 19 41
21 85 12 31
115 235 248 248
80 204 219 235
23 107 202 219
24 57 181 221
177 199 239 248
77 77 120 189
49 78 18 65
230 248 248 248
248 245 248 248
243 200 228 229
218 79 144 166
175 20 27 38
136 12 13 20
108 9 8 15
22 7 18 105
203 246 248 248
133 207 221 236
64 77 199 218
39 24 180 219
67 21 161 206
70 15 75 134
56 9 7 9
214 205 248 248
247 143 190 220
230 22 48 136
208 7 7 28
162 7 11 29
116 7 7 16
79 8 11 12
7 7 9 29
112 246 248 248
54 201 222 232
13 67 197 219
10 35 182 219
198 125 238 247
47 9 119 186
44 12 24 68
233 248 248 248
248 246 248 248
233 211 232 232
223 102 153 170
147 36 35 37
142 33 22 19
96 44 26 18
26 37 28 67
207 243 248 248
130 200 223 235
61 127 202 217
36 117 183 219
18 159 174 207
9 99 99 140
7 49 15 10
221 169 246 248
248 206 209 222
236 116 51 132
213 173 14 23
189 80 16 14
145 57 12 7
150 55 26 7
128 39 25 39
150 239 248 248
151 204 217 233
114 122 200 217
174 113 178 216
184 178 185 207
114 59 75 131
183 132 18 10
239 248 248 248
248 248 248 248
244 209 229 230
226 122 143 167
189 104 35 34
170 111 21 14
145 126 21 10
157 224 22 33
210 245 248 248
164 220 215 233
198 211 201 220
179 204 186 218
191 201 169 206
195 165 86 125
192 195 57 13
224 215 241 248
248 209 204 220
236 242 146 129
227 235 138 25
209 229 132 15
190 210 139 27
201 221 127 25
210 219 135 39
197 235 245 248
177 222 227 233
117 208 212 219
147 214 206 218
189 189 200 206
177 163 168 131
139 153 153 27
229 248 246 248
248 248 248 248
238 232 236 234
226 168 204 182
174 158 186 97
181 160 201 121
142 143 201 120
142 145 190 124
112 185 192 140
200 144 188 140
167 182 192 164
215 173 181 145
198 184 172 149
186 153 182 174
203 134 167 155
206 198 201 200
248 237 242 245
230 209 234 236
218 182 225 232
200 164 222 231
197 178 218 230
198 167 214 229
184 173 214 225
182 175 207 221
162 189 208 212
146 202 195 209
139 170 190 197
199 213 196 197
140 153 171 192
183 164 182 190
168 145 173 186
171 189 177 185
190 138 162 180
128 139 161 181
160 180 151 165
188 157 163 167
181 157 154 160
166 105 152 161
201 209 188 177
179 181 169 164
150 141 176 162
133 142 168 150
99 149 171 139
108 160 172 143
101 127 180 150
87 139 174 130
204 197 185 128
122 130 188 137
140 184 196 153
144 137 173 104
129 135 192 128
96 154 181 99
90 141 163 79
91 145 179 87
103 131 164 76
138 198 178 66
158 153 175 59
215 180 175 57
186 141 166 46
208 157 178 52
203 152 162 40
221 179 171 39
164 192 184 32
209 177 148 28
189 175 133 34
118 184 173 29
93 183 148 25
124 212 147 20
185 205 229 245
169 216 192 124
162 217 181 83
166 208 139 61
179 185 125 56
159 199 92 43
120 191 110 36
110 190 141 194
240 238 229 215
211 213 146 114
190 214 135 77
184 231 113 66
165 184 95 48
209 221 107 40
204 199 80 34
177 184 103 50
145 156 79 29
187 134 64 27
184 171 75 27
190 218 161 110
164 151 58 20
158 147 76 19
152 139 107 204
206 210 199 205
184 201 137 107
147 176 111 71
145 135 103 63
110 178 104 48
130 161 73 46
178 156 85 38
204 206 225 245
227 185 125 118
198 190 138 81
178 156 105 73
166 161 99 52
151 164 83 47
111 181 86 39
98 161 63 36
202 185 172 73
121 151 83 25
141 120 58 22
119 157 82 22
96 136 53 19
83 111 53 18
91 108 52 16
153 155 114 67
163 106 52 16
129 107 42 12
126 111 55 19
204 133 84 33
135 83 41 11
96 132 35 11
116 134 154 225
229 214 192 157
193 166 106 87
157 218 107 64
94 183 94 56
75 140 78 44
158 124 64 39
185 133 72 31
199 187 223 247
172 219 184 142
149 192 135 87
173 198 105 75
159 206 94 61
139 136 75 47
127 111 85 44
104 131 68 31
219 218 214 153
132 129 57 25
125 168 50 22
98 131 71 21
56 100 50 18
63 110 57 16
82 90 65 18
103 129 68 49
91 131 84 21
66 91 49 13
80 93 59 13
191 190 157 126
81 92 44 12
86 76 42 10
63 74 46 13
201 147 84 23
112 98 43 10
110 92 49 10
80 126 50 9
91 112 55 9
64 96 35 10
54 96 43 9
177 114 142 122
140 87 44 11
86 96 43 8
55 76 33 11
58 85 55 16
48 87 39 12
47 83 58 12
111 139 96 156
222 220 196 127
154 158 101 35
119 200 106 19
96 185 92 19
82 161 65 11
76 157 77 12
95 156 84 13
108 108 86 42
138 129 66 12
138 132 57 12
96 131 55 21
187 132 93 29
119 96 51 9
89 77 43 9
127 153 126 141
209 198 165 119
159 157 96 31
105 168 79 17
112 176 74 19
91 146 52 13
100 139 68 10
81 156 62 14
162 145 151 88
169 120 47 8
129 135 41 10
130 117 39 8
134 99 36 10
118 79 37 7
116 69 38 8
74 142 97 167
223 229 228 195
136 120 96 79
106 106 73 39
84 140 62 27
73 139 80 24
103 101 68 22
106 140 74 15
66 122 55 16
54 123 52 13
65 152 55 11
86 147 54 9
195 200 168 145
112 149 61 10
116 104 49 8
99 120 43 10
191 164 107 41
125 88 46 11
80 123 44 8
85 123 32 11
90 159 55 9
84 104 46 9
67 114 40 9
148 110 126 123
141 99 46 11
82 89 41 10
63 95 37 9
81 125 35 14
72 124 57 12
62 92 46 12
62 122 97 139
224 227 224 156
136 176 111 38
116 184 90 19
97 140 63 19
76 139 86 13
59 162 61 10
58 179 71 12
79 142 83 34
139 171 54 9
126 162 65 8
91 156 51 8
178 136 165 124
148 112 45 8
107 90 40 7
75 61 34 7
211 162 153 55
149 73 32 9
124 110 42 7
179 180 179 188
127 105 43 7
114 150 51 8
78 74 41 8
180 138 93 79
140 116 46 9
91 101 45 8
71 56 32 8
65 95 47 9
68 100 36 8
86 98 60 11
134 167 229 248
248 220 240 242
223 170 233 237
204 173 224 232
174 227 227 232
126 137 212 229
134 161 211 231
119 174 211 224
129 152 202 219
95 134 203 209
62 117 176 198
103 117 169 191
184 188 174 181
134 97 138 180
92 101 129 168
159 230 215 235
245 148 179 209
223 101 116 156
195 106 105 140
155 92 109 131
127 111 93 116
95 101 74 102
61 83 72 104
138 121 144 118
114 104 70 84
78 115 85 83
104 100 63 71
66 85 52 65
45 74 50 54
35 63 58 59
174 236 225 244
244 166 176 204
219 89 77 104
196 64 47 56
149 74 53 41
127 66 40 38
102 62 66 38
62 117 50 37
59 141 85 44
57 125 45 29
84 86 43 21
58 93 51 41
184 239 189 183
135 79 37 20
70 78 30 18
183 174 229 248
243 141 166 204
219 72 53 94
190 96 40 26
139 83 50 19
102 98 41 15
103 75 35 15
55 95 40 14
194 186 234 246
164 194 177 133
160 137 135 77
167 142 121 62
162 169 101 51
145 138 75 37
128 174 84 34
134 101 212 247
248 238 230 223
237 206 144 127
231 214 142 73
228 227 153 147
216 202 98 55
201 178 85 52
179 181 93 43
133 121 95 50
137 131 73 33
180 136 63 35
158 143 51 28
212 200 191 121
171 166 84 20
144 164 56 17
138 226 226 248
248 212 200 216
228 210 157 139
209 170 147 83
199 165 114 71
210 214 105 64
176 165 91 47
143 125 73 46
224 217 226 245
223 214 155 127
213 192 150 91
205 173 121 63
201 159 113 56
158 146 82 44
165 173 96 41
201 224 223 247
242 198 186 203
224 150 90 100
204 124 62 32
176 141 67 25
141 117 45 21
141 93 58 18
123 173 51 16
133 124 99 66
142 140 44 17
134 59 34 13
117 100 36 15
228 238 201 201
133 112 40 9
121 101 34 10
153 162 227 248
247 221 209 215
230 173 134 130
211 213 119 75
182 199 96 60
143 118 89 44
179 193 81 39
166 181 65 34
202 231 226 245
182 182 174 138
155 174 153 102
137 165 107 66
129 171 88 58
129 159 72 39
161 162 101 50
177 139 212 247
247 217 214 211
226 159 67 101
214 154 43 26
194 214 131 146
170 95 52 18
144 88 58 16
108 109 61 15
110 125 64 42
129 119 46 17
103 133 63 15
55 99 51 13
180 189 168 136
103 97 47 11
67 77 45 9
154 229 220 248
245 144 169 208
219 109 69 100
193 96 51 17
154 99 45 12
121 100 57 10
100 86 41 11
51 113 41 10
161 114 144 116
153 78 47 11
94 83 54 10
60 92 40 10
89 77 50 16
69 89 41 13
76 87 50 12
172 234 227 248
245 183 192 208
217 107 63 95
190 86 43 18
147 80 60 16
130 116 51 11
104 91 49 13
60 101 47 11
75 119 91 53
57 84 42 10
83 90 46 10
74 127 48 18
210 234 199 203
130 92 46 9
123 72 51 10
167 157 218 248
242 153 167 205
219 98 62 100
191 89 36 18
158 100 52 14
117 70 40 10
105 93 63 9
83 70 35 10
171 171 233 248
173 204 163 144
163 190 151 104
171 173 96 70
154 206 103 61
131 116 77 53
148 155 71 35
148 184 214 247
247 221 227 225
229 186 138 132
223 213 113 78
201 197 75 60
150 149 110 49
165 132 70 42
154 158 69 35
165 171 81 45
142 166 90 28
145 126 68 26
148 125 61 21
200 226 220 245
202 211 169 137
191 166 140 91
194 183 203 240
245 180 185 208
224 169 107 108
211 161 96 41
182 180 80 34
132 137 57 25
107 103 72 22
95 139 56 19
233 235 232 247
223 200 174 134
204 178 141 104
198 196 130 75
185 185 114 66
186 177 111 53
198 189 76 44
207 218 219 245
247 231 232 228
230 194 171 144
214 173 133 89
210 204 141 84
209 218 194 150
188 201 134 90
196 175 96 59
227 208 239 235
219 196 213 194
182 189 170 143
207 159 96 76
194 206 223 237
122 181 171 129
114 170 126 100
211 246 238 246
246 248 248 248
229 229 237 235
211 181 178 178
211 179 110 69
185 159 72 44
150 153 58 31
109 121 50 22
228 204 248 248
202 193 217 232
172 190 207 218
177 186 191 218
170 192 176 206
173 154 130 160
126 139 70 43
216 215 238 248
247 207 245 247
231 192 241 242
235 169 234 238
223 216 239 243
188 165 232 241
170 142 228 238
145 130 227 235
235 248 248 248
239 248 245 243
227 238 230 233
229 238 224 230
215 242 241 248
218 226 199 221
223 239 170 201
222 244 240 245
248 248 248 248
243 237 237 234
228 212 188 210
174 73 181 248
147 70 170 240
115 59 180 240
41 80 168 241
240 244 248 248
226 233 236 239
183 172 211 222
168 147 192 219
173 124 176 209
162 88 119 161
83 69 58 93
212 217 238 248
248 241 219 231
239 225 203 189
230 188 164 144
217 127 135 160
195 124 220 243
155 107 74 100
119 69 44 73
238 246 248 248
225 240 237 238
233 237 213 223
219 224 193 220
240 248 248 248
231 246 231 226
169 210 179 185
214 243 238 246
248 248 248 248
243 238 234 234
240 241 192 185
229 238 139 144
221 244 136 139
224 242 124 119
240 238 114 111
240 247 248 248
239 246 234 238
226 227 222 226
198 201 188 218
142 100 170 207
134 168 147 199
115 207 86 127
213 198 234 246
247 193 227 239
238 129 128 150
224 172 139 152
160 225 182 179
208 160 95 143
154 86 48 103
123 78 141 239
231 248 248 248
227 247 241 241
190 210 217 231
146 129 214 246
118 93 242 248
104 39 194 242
95 64 172 241
205 248 241 245
248 247 248 247
246 237 235 234
227 231 208 194
210 223 189 145
209 214 176 136
183 225 203 137
157 199 171 121
207 230 248 248
209 238 235 237
173 197 211 224
173 188 196 220
165 186 188 208
163 188 153 166
121 129 135 172
206 225 239 247
248 232 241 238
235 225 186 185
233 211 153 130
209 190 140 161
209 229 236 243
169 178 150 143
157 174 103 100
229 242 248 248
211 231 233 237
146 176 215 221
184 141 189 220
234 248 248 248
206 234 228 225
165 178 129 132
199 242 242 248
248 248 248 248
242 231 235 234
231 182 183 192
204 122 127 223
149 101 120 233
87 99 150 234
17 107 129 237
247 248 248 248
243 227 234 238
229 199 219 226
212 154 192 220
215 132 173 209
197 140 112 163
169 146 64 141
219 213 232 245
248 203 232 240
227 124 125 161
215 97 70 83
209 197 217 243
195 113 185 223
168 104 87 141
133 125 52 92
245 248 248 248
246 247 240 240
239 240 216 226
232 247 202 222
237 242 240 248
211 235 196 207
212 239 184 158
224 246 241 246
248 248 248 248
236 245 237 234
237 224 179 184
189 178 62 79
197 96 33 46
164 111 27 45
125 81 20 55
242 242 248 248
231 232 236 239
199 174 213 222
134 153 187 220
164 128 176 208
140 131 114 157
104 98 42 49
190 211 235 248
248 247 224 228
239 229 168 173
226 236 165 133
232 231 159 174
226 241 222 242
214 237 170 139
144 205 105 105
235 230 248 248
210 233 236 238
193 198 223 221
183 180 211 218
243 248 248 248
211 237 242 244
133 177 223 243
191 244 240 245
248 248 248 246
242 244 236 234
232 240 198 193
200 240 174 166
217 237 184 149
198 241 183 168
153 208 132 119
227 245 248 248
236 247 239 241
228 241 217 224
160 157 192 220
166 158 176 209
117 129 128 163
122 136 67 68
209 216 236 248
248 214 226 240
242 165 146 166
221 121 73 67
193 180 122 131
191 113 67 66
141 122 43 53
125 192 192 231
241 248 248 248
225 241 242 240
203 210 222 225
188 157 192 221
186 172 239 248
203 79 144 204
120 53 57 166
200 248 245 247
248 248 248 248
248 228 234 234
240 165 170 185
242 136 75 83
235 161 50 61
209 161 113 204
20 46 202 248
220 241 248 248
226 230 234 240
233 225 216 222
226 230 193 219
222 218 179 210
216 207 128 165
180 127 50 59
207 222 233 248
248 228 223 230
239 237 179 184
226 239 166 180
222 233 179 185
210 244 236 241
193 237 181 190
198 229 143 158
232 246 248 248
225 235 234 238
209 210 217 224
204 147 193 218
212 247 248 248
184 232 235 246
85 153 207 245
186 239 236 244
248 248 248 248
241 245 237 237
240 235 190 199
224 216 116 157
225 212 83 143
204 205 101 158
198 192 63 144
234 243 248 248
207 226 240 242
159 169 228 244
153 121 217 243
133 85 212 243
136 97 163 223
132 69 102 205
182 201 234 240
247 222 247 248
228 228 243 244
227 200 237 240
213 196 239 243
192 154 231 240
82 107 227 238
133 189 237 239
219 248 248 248
233 243 246 243
191 219 234 237
204 197 218 228
170 187 240 248
182 191 201 224
146 120 177 202
193 248 237 242
248 248 248 248
246 238 236 236
225 222 197 206
166 51 141 166
135 47 122 145
87 37 94 131
9 22 89 136
234 248 248 248
232 237 241 242
174 188 228 227
72 85 198 221
69 60 184 218
76 72 194 247
66 54 187 248
199 231 233 246
248 243 222 233
245 219 186 184
239 237 165 155
222 234 159 169
196 239 222 243
212 229 139 150
183 224 98 145
223 239 248 248
228 245 238 239
188 177 223 228
191 136 199 221
240 248 248 248
211 236 234 227
126 171 201 241
214 243 236 248
248 248 248 246
242 237 236 235
239 162 175 185
196 143 99 77
194 134 85 74
130 67 46 73
20 25 20 59
247 248 248 248
240 244 240 242
189 226 228 228
176 186 206 222
196 139 187 210
186 152 145 175
93 124 126 164
186 189 231 242
248 199 234 241
236 124 148 162
220 125 97 119
178 207 168 172
214 205 200 179
142 174 153 167
169 171 61 117
245 248 248 248
240 247 243 241
223 241 226 227
220 233 204 223
238 231 239 248
149 106 154 205
126 25 60 101
200 248 242 248
248 248 248 248
247 226 235 234
239 156 175 182
223 113 55 96
231 131 82 87
195 144 78 75
131 130 73 58
236 241 248 248
221 231 239 240
217 172 220 226
200 125 194 219
211 94 182 211
205 86 132 168
187 50 65 75
220 224 235 247
248 229 228 231
245 233 161 174
223 171 125 132
173 66 99 121
205 243 240 245
117 141 158 135
8 51 89 134
233 246 248 248
227 243 239 239
181 183 221 224
144 147 197 217
230 248 247 248
200 231 231 227
121 176 150 142
183 240 241 248
248 248 248 248
243 237 236 236
233 167 181 192
202 124 91 114
176 95 72 91
156 54 39 75
89 48 18 94
247 248 248 248
218 233 240 242
193 223 225 229
199 199 202 222
165 155 184 211
138 84 143 171
14 69 66 93
198 200 233 248
248 239 238 243
228 206 197 222
219 193 179 199
211 205 207 230
195 153 193 230
171 58 56 74
126 59 44 163
247 248 248 248
244 241 244 242
211 190 222 227
198 143 197 219
181 135 240 248
171 57 161 205
148 42 68 109
193 248 247 248
248 248 248 248
242 230 238 237
240 189 181 189
219 144 72 92
208 110 87 65
156 52 44 46
138 31 19 34
221 245 248 248
218 228 239 241
138 178 220 225
143 202 215 220
190 184 197 214
167 115 147 178
89 76 67 117
204 211 229 244
248 234 226 230
243 228 162 175
237 225 143 145
234 197 114 160
230 223 229 245
228 213 107 148
215 220 99 174
227 229 248 248
220 237 238 240
143 216 226 227
125 153 202 237
232 248 248 248
193 236 237 240
118 198 178 163
194 238 238 246
248 248 248 248
242 241 238 237
235 220 189 210
222 232 170 194
234 233 164 181
183 239 154 176
207 224 124 155
233 242 248 248
236 243 240 241
217 233 228 228
167 168 197 218
120 109 185 208
31 69 132 174
15 61 51 67
204 231 231 248
248 248 241 241
243 236 175 167
227 187 106 86
215 181 123 149
209 162 134 125
197 166 97 87
188 144 72 99
236 248 248 248
222 246 242 242
220 233 229 230
188 194 202 230
157 153 247 248
152 146 202 243
143 82 201 241
200 246 230 235
248 248 248 248
247 240 236 235
240 239 210 193
232 242 208 126
229 238 195 125
220 245 193 143
195 242 163 151
199 236 248 248
240 245 240 242
213 220 220 226
173 203 201 222
167 181 193 223
144 154 172 220
139 146 107 207
172 227 231 246
248 209 220 233
241 176 132 174
204 140 100 118
222 137 119 158
221 237 239 243
198 173 171 154
113 109 101 114
225 242 248 248
223 236 242 241
191 207 230 226
195 178 204 220
232 248 248 248
205 236 231 225
151 192 170 162
187 239 231 243
248 248 248 248
243 233 238 235
234 216 200 189
233 213 182 133
238 229 144 81
235 227 132 62
218 210 80 35
234 247 248 248
237 235 241 242
224 217 230 230
209 180 210 218
183 163 199 211
198 164 149 174
210 152 115 99
186 152 224 246
248 238 248 248
236 219 247 244
231 197 240 243
228 196 239 242
220 187 238 245
207 155 232 238
177 168 232 238
248 248 248 248
245 248 246 247
235 243 234 240
222 218 225 234
207 237 242 248
209 220 210 228
180 161 187 211
203 245 231 239
248 248 248 248
233 237 243 242
226 206 221 225
184 162 188 193
163 181 206 203
122 235 248 248
52 220 248 248
232 247 248 248
224 246 246 244
187 226 228 238
164 212 214 229
177 134 191 219
207 109 159 182
147 138 118 142
235 215 226 243
248 237 238 244
242 235 226 232
239 237 219 230
229 228 209 227
227 235 235 244
232 231 190 223
209 210 152 190
209 233 248 248
243 235 241 240
237 236 230 232
195 151 204 222
239 248 248 248
213 232 230 225
154 156 167 158
232 248 241 247
248 248 248 248
248 238 237 239
233 206 207 234
223 190 136 154
204 159 145 186
177 137 116 156
148 87 82 112
247 248 248 248
236 248 244 246
233 243 235 237
234 242 223 231
210 235 210 223
199 214 179 196
174 231 152 150
153 163 218 241
248 240 243 245
226 227 222 221
240 225 212 218
232 223 197 205
224 213 170 197
176 178 133 123
197 185 120 153
248 248 248 248
239 248 245 245
227 242 231 232
226 243 216 227
232 243 243 248
220 237 197 217
189 185 112 142
202 241 236 244
248 248 248 248
244 232 237 237
224 177 192 206
187 147 89 139
162 114 86 148
115 89 53 91
168 238 204 218
247 237 248 248
245 244 240 243
228 235 225 235
233 237 210 227
228 240 211 231
235 234 182 225
202 226 127 173
188 184 220 241
248 247 245 247
241 222 214 225
232 201 193 223
232 199 189 226
215 241 239 242
209 225 217 223
182 191 166 210
242 248 248 248
239 247 241 244
227 246 228 237
225 245 216 233
244 248 247 248
212 243 232 235
111 139 137 181
204 239 243 248
248 248 248 248
238 232 238 242
240 181 184 212
223 149 104 203
199 156 122 221
195 179 147 214
75 125 163 230
248 248 248 248
240 248 244 245
232 246 235 238
224 241 222 234
227 234 209 227
179 236 199 205
80 174 113 124
91 152 219 242
248 246 245 247
242 219 212 212
232 178 187 203
229 216 202 222
205 205 209 235
186 158 128 132
185 186 114 101
248 248 248 248
242 248 246 247
220 246 235 235
210 234 213 227
228 236 241 248
210 229 191 220
184 158 105 142
192 237 233 243
248 248 248 248
239 233 238 239
222 181 206 212
197 168 116 152
178 122 92 156
173 118 67 103
165 123 88 177
247 244 248 248
234 227 239 243
214 186 221 234
212 156 204 227
200 155 192 222
212 141 154 196
189 190 228 239
170 244 248 247
248 240 240 240
242 222 193 213
234 194 142 184
222 150 112 214
175 177 237 248
142 154 168 240
56 167 197 244
236 240 248 248
243 231 240 243
223 212 222 233
232 207 215 232
244 248 246 248
230 237 236 234
155 172 161 182
186 241 239 242
248 248 248 248
248 246 243 241
242 239 229 227
236 235 215 199
229 226 200 193
241 226 202 187
218 223 205 187
247 248 248 248
237 245 244 244
216 236 238 239
207 229 227 233
174 227 226 230
158 200 198 202
90 165 150 166
140 205 224 248
248 239 242 244
243 239 224 207
247 237 214 147
243 238 203 154
240 246 196 182
243 229 192 155
247 230 203 151
238 248 248 248
241 248 244 242
246 232 233 228
235 239 227 221
238 233 237 248
198 179 198 204
192 238 226 169
176 185 209 160
