7 7 7 7
7 7 7 7
7 10 233 246
203 219 218 231
221 246 176 167
65 143 45 76
54 171 197 196
44 161 206 205
139 213 222 195
126 192 210 153
116 110 129 191
224 237 204 195
226 185 193 175
192 192 201 185
175 162 197 191
198 204 164 157
139 180 167 81
29 49 37 11
7 7 7 7
7 7 7 7
108 224 224 173
50 219 230 125
88 209 221 171
224 188 197 165
138 113 198 179
130 145 198 164
28 30 97 64
105 25 222 248
80 215 212 208
86 152 191 179
94 103 229 211
93 62 150 166
197 210 218 196
169 212 221 162
152 203 206 160
189 228 206 142
18 212 183 105
154 235 203 93
166 202 169 56
129 167 196 48
190 211 191 39
14 151 161 11
7 183 180 72
8 212 151 58
32 105 115 79
7 227 220 30
7 235 204 25
13 218 210 35
29 126 99 39
19 129 225 41
188 160 158 54
142 45 127 31
183 229 121 47
113 135 77 46
107 65 17 38
91 77 52 29
19 9 18 8
7 7 7 7
7 7 7 7
7 7 7 7
7 7 7 7
159 169 158 105
90 215 175 70
45 209 201 54
127 164 167 62
34 29 21 7
44 9 11 37
39 115 146 51
33 200 189 32
19 169 121 32
9 148 122 17
27 52 34 104
65 20 18 7
65 187 132 43
156 150 204 80
106 111 139 43
220 171 225 220
210 132 178 128
160 104 125 53
128 78 116 17
187 207 202 84
203 231 238 226
219 242 246 242
189 234 244 234
203 220 234 218
223 244 241 211
223 212 223 220
212 218 217 188
213 228 232 178
221 239 228 190
209 222 226 195
225 238 234 193
230 245 229 172
222 235 223 179
219 229 216 180
219 238 207 146
224 222 225 207
223 208 218 175
240 222 201 123
235 225 190 106
236 246 245 246
203 238 232 176
216 239 231 178
204 205 215 137
235 231 212 122
248 242 248 248
213 245 227 183
231 232 225 162
240 232 228 161
234 232 211 103
210 232 230 202
220 242 238 147
226 244 216 139
209 224 225 142
226 245 226 141
227 224 228 222
221 169 204 185
241 237 226 158
229 200 194 143
202 215 222 156
213 223 228 204
220 218 229 200
227 240 237 180
211 233 224 174
237 246 222 173
226 218 235 216
227 235 225 177
236 236 229 196
234 228 216 188
218 234 231 191
200 232 228 186
213 217 225 174
237 242 200 145
218 234 230 161
247 240 248 247
214 217 214 202
216 242 225 176
216 211 225 128
211 205 200 102
227 234 237 224
218 235 226 148
217 230 227 157
228 238 235 147
218 235 207 120
239 237 238 228
230 240 207 170
222 240 214 139
215 228 225 141
227 243 225 137
213 224 229 210
229 241 204 152
226 206 198 100
214 229 213 117
248 247 246 248
236 233 208 193
232 240 219 145
209 218 196 117
226 238 213 112
233 236 234 212
205 221 241 242
231 236 236 235
227 232 231 215
204 239 235 205
248 239 248 247
220 237 225 206
214 219 212 162
209 233 231 174
212 241 233 160
234 240 248 247
231 217 225 195
213 228 219 162
219 230 216 163
229 231 216 142
233 232 248 248
234 243 222 188
200 219 211 147
221 204 210 132
211 216 219 134
220 234 232 216
223 233 235 173
218 227 228 135
230 239 222 142
215 246 229 135
227 217 232 225
217 241 238 204
213 224 231 156
215 226 233 148
220 221 221 143
227 238 237 192
222 235 222 170
220 223 218 160
225 247 221 145
222 227 227 213
228 209 212 214
200 200 213 186
222 227 203 145
228 211 213 124
248 240 248 247
212 222 235 225
196 236 239 222
223 239 231 202
211 231 230 187
215 236 239 247
219 225 234 207
228 227 229 175
236 236 232 212
224 211 240 228
221 244 234 202
213 229 221 184
233 236 222 170
231 239 208 158
229 219 227 168
236 226 237 245
242 235 228 228
213 212 227 214
235 246 228 159
233 237 223 157
239 223 218 220
219 216 216 175
217 231 235 158
216 182 209 131
227 240 215 150
230 201 238 247
246 197 225 226
242 219 209 200
224 207 207 165
234 203 214 138
231 182 223 246
242 199 217 208
237 237 240 168
224 190 197 101
222 185 194 97
235 210 239 244
236 155 220 219
236 189 229 227
228 179 202 198
230 147 177 156
223 189 238 237
209 134 230 239
205 143 205 224
190 142 181 199
179 134 160 176
222 172 206 228
191 175 143 179
214 132 153 105
158 143 93 63
180 192 213 95
184 95 155 215
141 130 48 113
193 197 203 84
172 85 38 16
248 207 248 248
182 114 166 221
153 84 45 112
225 183 162 65
193 85 12 15
248 179 229 248
145 70 68 170
133 60 20 89
173 154 145 48
186 48 7 8
239 185 240 248
223 49 138 200
165 43 55 85
222 109 133 46
186 59 7 7
208 116 186 220
178 161 208 173
182 196 190 70
203 119 189 77
225 144 173 55
225 185 232 244
188 173 219 212
238 209 225 179
172 166 214 155
187 155 186 113
224 121 185 191
212 175 189 94
170 159 177 69
198 106 69 15
84 115 31 7
227 186 231 240
174 102 132 195
169 192 203 87
132 67 39 14
116 77 14 7
186 149 179 205
140 76 40 140
225 184 205 48
195 169 101 18
115 66 130 201
218 138 201 228
160 62 77 165
216 145 128 87
150 100 30 10
189 223 239 232
191 197 220 103
193 209 206 110
187 172 225 214
201 169 202 176
247 181 235 241
217 163 203 144
207 191 208 83
203 162 204 74
198 216 222 85
220 190 231 228
173 169 202 133
239 226 236 180
197 142 197 82
220 233 238 125
219 237 234 131
221 241 219 89
226 230 222 202
204 224 197 92
216 244 245 241
171 138 233 238
179 84 227 235
196 172 247 247
214 138 236 230
234 158 239 247
214 89 239 248
151 19 212 244
239 221 191 195
228 236 141 123
246 233 207 195
207 159 84 167
172 112 94 173
204 159 184 170
108 8 19 24
248 220 247 248
199 32 122 187
202 101 63 113
149 86 235 247
95 7 63 149
239 93 159 233
231 32 112 139
228 78 151 138
189 30 50 40
112 13 79 137
217 194 230 245
209 75 157 186
139 53 129 129
183 63 238 248
121 9 227 247
244 213 235 219
225 221 222 135
245 223 235 167
233 231 237 234
246 204 136 117
227 182 224 235
197 172 224 222
232 218 231 205
158 116 178 142
230 142 199 208
217 202 202 163
228 235 221 120
192 144 195 99
240 242 246 203
230 205 242 222
195 56 197 230
203 25 75 113
214 185 239 187
148 240 227 153
241 208 220 234
234 226 221 130
213 187 238 180
223 142 160 100
229 211 244 216
248 233 246 248
202 30 130 194
174 195 248 193
216 154 202 146
154 20 75 21
245 101 186 237
211 131 230 153
180 8 65 52
201 68 91 57
204 184 234 149
193 127 222 239
204 69 144 179
125 207 193 125
180 99 92 98
186 20 27 82
210 176 191 213
197 222 204 117
247 234 234 177
231 200 197 114
149 157 199 88
230 140 223 240
219 163 210 204
194 128 196 172
211 165 194 134
165 179 248 248
196 142 202 191
200 112 147 81
174 145 246 247
240 130 225 168
183 97 130 146
213 127 187 222
189 49 35 72
187 193 140 121
202 107 216 158
227 219 241 212
201 73 124 162
158 22 60 94
187 106 109 83
172 7 7 8
248 248 248 248
177 56 138 205
248 236 189 131
228 218 192 89
221 167 202 37
237 187 237 248
230 34 50 116
228 22 64 74
231 87 152 66
209 110 195 21
224 148 221 243
239 187 204 168
224 178 235 101
221 127 129 64
164 29 36 37
214 242 245 214
160 237 238 107
211 248 244 192
223 234 242 198
171 228 223 150
230 148 228 239
199 181 217 206
219 190 211 200
204 140 198 142
180 157 203 155
222 201 214 150
244 226 217 153
180 178 245 248
160 180 230 199
204 202 239 205
207 190 214 219
150 109 217 230
239 234 243 172
154 66 97 31
246 244 238 215
199 239 154 181
171 209 231 200
185 111 189 228
197 134 224 155
248 240 248 247
193 48 180 210
168 237 212 105
190 165 179 103
186 74 72 16
248 248 228 234
227 206 178 152
229 224 186 73
156 100 102 48
136 34 19 7
243 231 235 248
239 213 177 190
153 239 237 86
194 146 150 80
152 30 31 12
233 178 212 224
152 187 202 187
248 243 248 244
221 202 211 179
209 165 191 115
214 189 217 192
163 219 213 149
221 163 227 231
237 144 201 147
218 190 221 124
247 213 234 229
234 165 233 218
242 210 229 205
248 208 229 193
247 208 237 179
223 184 223 227
248 190 231 212
243 198 213 169
245 202 215 167
235 224 235 163
228 139 198 214
223 190 204 176
213 185 194 155
194 164 203 154
246 236 236 235
227 209 230 221
217 179 208 200
214 196 201 178
221 204 221 126
240 235 233 228
239 205 220 195
216 167 233 178
219 209 224 176
218 158 202 150
246 215 240 247
215 245 241 225
175 188 209 186
218 241 234 185
235 238 225 161
239 215 218 221
224 204 225 170
233 216 239 234
229 216 232 228
211 208 237 220
227 202 245 245
211 232 223 226
201 212 233 210
193 175 208 184
193 202 193 133
194 135 227 228
210 190 239 242
146 176 237 235
168 172 215 214
136 103 198 206
215 168 229 239
183 161 211 192
236 241 229 184
208 206 210 143
225 216 208 127
218 188 194 214
227 241 226 152
239 193 214 159
224 226 232 143
196 190 212 102
224 199 233 229
217 142 197 184
214 222 232 115
219 186 208 93
214 216 223 148
205 160 204 201
214 203 220 134
216 162 192 81
194 170 192 63
248 229 248 248
201 159 204 220
211 131 190 137
207 192 211 85
184 153 196 71
246 77 171 236
200 167 206 157
156 141 177 99
225 148 193 66
213 140 181 62
229 136 226 241
226 163 210 205
213 186 204 172
196 219 226 150
199 168 196 109
243 208 238 234
247 183 233 237
242 206 237 231
240 180 225 214
238 219 235 198
247 205 232 235
246 238 220 210
248 228 221 197
240 234 221 163
245 208 201 160
214 212 215 223
220 186 216 195
217 157 195 188
181 160 198 142
171 150 193 137
211 183 226 233
182 172 215 231
229 248 248 240
222 239 240 176
152 186 216 211
236 247 246 234
226 205 230 200
242 159 211 191
234 194 215 202
230 233 238 147
214 207 230 231
198 199 244 248
245 234 235 218
209 139 200 178
197 236 217 152
248 222 226 221
223 241 244 189
222 248 241 177
199 192 221 125
181 215 222 136
201 147 220 227
204 185 209 198
211 206 220 198
222 151 204 143
236 248 248 241
223 201 228 203
240 176 222 204
230 208 227 184
242 194 221 193
245 227 242 204
203 194 225 228
245 195 221 223
175 149 197 190
171 185 227 244
247 233 243 245
202 233 239 208
188 245 237 190
193 210 216 190
237 248 235 177
207 225 244 245
201 188 237 222
216 223 245 230
201 188 245 213
160 163 215 153
229 241 246 233
230 238 248 199
243 232 244 214
242 248 248 246
208 237 246 220
219 224 228 196
170 203 248 248
207 223 248 225
202 192 224 170
248 239 248 248
241 248 229 195
224 241 240 185
243 247 233 191
208 178 207 149
243 198 233 233
210 161 218 164
218 198 219 187
206 182 234 212
138 104 248 248
240 243 239 231
230 244 240 242
209 228 243 240
219 221 245 234
218 247 246 233
227 225 240 230
240 231 235 205
244 238 230 213
226 213 232 215
238 237 230 209
235 241 239 218
231 238 234 204
228 246 232 194
225 242 240 159
216 191 206 121
212 205 239 236
229 219 219 198
248 242 235 224
204 226 221 164
223 245 246 218
246 231 242 225
243 226 237 191
226 210 226 202
190 161 200 154
180 200 248 248
228 229 239 238
228 224 240 225
230 206 248 235
233 211 238 221
206 180 217 190
231 246 235 222
239 246 245 210
194 243 238 200
221 248 244 203
177 241 229 156
248 202 224 220
194 181 225 191
225 163 208 143
175 185 216 136
235 248 248 240
184 242 245 229
217 236 240 218
229 248 248 222
189 248 247 215
206 248 248 218
210 242 242 233
198 235 230 218
240 233 244 209
241 184 233 217
240 209 230 217
244 226 237 211
248 191 224 189
238 236 222 198
236 221 223 214
241 229 232 205
220 119 219 223
214 164 213 196
235 170 208 160
212 165 155 126
248 239 241 238
223 229 230 195
218 247 247 202
245 244 238 183
203 192 205 110
247 241 248 248
225 244 243 212
219 248 243 186
207 243 240 166
193 240 236 131
240 238 239 237
227 209 230 212
222 248 248 204
234 244 238 159
218 125 181 115
217 219 228 227
248 246 245 203
248 248 225 186
238 233 233 182
244 222 230 217
223 245 240 235
204 248 239 231
248 248 233 224
243 245 227 213
236 240 242 211
209 143 212 221
212 198 219 218
248 211 202 185
248 244 233 198
240 248 243 196
244 244 226 193
235 235 220 190
214 216 202 145
164 190 208 145
248 248 233 231
244 235 233 217
232 238 236 230
228 227 224 196
188 195 186 124
247 246 248 245
231 215 214 196
245 232 192 175
212 247 246 215
199 248 245 201
248 243 248 248
241 221 236 222
244 205 231 220
248 205 228 203
199 159 208 169
241 244 244 222
238 241 233 187
238 246 235 196
227 236 227 201
215 243 237 183
204 240 240 237
247 216 220 198
215 244 242 174
197 162 199 123
221 202 236 245
223 239 241 228
230 238 241 226
194 217 244 242
216 247 241 210
204 240 244 225
225 233 244 234
226 241 241 202
244 233 241 210
248 207 230 213
248 202 237 217
247 244 239 226
246 209 228 194
240 201 226 191
244 203 210 182
239 232 208 175
213 166 222 222
212 175 219 186
248 174 188 150
220 130 182 112
248 244 244 237
242 207 225 207
241 232 230 198
218 243 223 191
218 207 213 137
248 247 248 248
206 243 241 210
184 247 242 196
205 248 246 174
188 245 240 114
248 245 238 243
239 247 243 214
231 246 244 201
248 225 235 149
192 190 200 121
235 177 236 241
248 224 224 207
248 245 241 170
228 240 241 163
218 248 248 183
210 238 231 187
230 222 235 223
203 246 245 215
177 248 248 175
204 245 248 186
215 228 235 228
232 241 248 196
241 246 248 179
227 223 238 219
225 194 229 202
235 206 248 239
233 190 242 225
238 223 247 246
239 221 245 234
234 209 240 205
234 224 236 224
245 212 236 163
240 240 236 156
238 220 235 156
228 160 201 144
209 145 186 180
196 187 205 133
172 138 232 244
137 167 206 205
187 134 184 178
223 198 218 217
211 159 183 122
213 169 188 89
223 121 144 83
164 122 149 94
172 129 151 113
175 135 174 94
170 162 229 245
114 188 221 217
141 178 186 174
221 169 201 198
195 167 184 110
228 148 167 123
213 111 107 69
211 126 166 158
227 233 216 116
228 248 225 95
220 240 227 72
237 199 189 76
237 247 240 181
238 245 227 75
213 199 144 59
178 228 168 43
186 176 133 29
248 230 237 172
191 170 241 245
216 126 234 241
226 215 220 228
168 123 182 212
248 248 248 248
203 119 195 216
187 90 122 147
188 166 188 121
162 33 50 82
236 106 201 248
176 39 91 164
131 20 47 50
209 147 154 79
154 7 8 14
248 235 248 248
173 38 131 199
86 8 36 75
197 103 115 74
123 7 7 9
239 146 171 233
215 74 77 136
193 107 85 65
215 137 103 51
198 123 7 11
212 152 227 242
214 98 115 177
198 107 146 119
201 114 103 52
184 48 7 13
191 151 208 226
183 85 75 135
219 247 248 192
184 197 208 82
211 181 197 92
234 205 238 238
200 217 239 220
222 186 222 192
161 220 236 166
204 191 220 133
207 177 187 173
214 216 205 108
225 206 188 100
174 104 72 24
136 48 35 26
218 149 206 228
228 140 76 150
229 122 139 101
214 91 22 34
222 246 248 176
205 87 122 195
186 38 18 107
213 207 186 87
209 59 10 18
248 220 248 248
187 61 169 221
150 43 81 159
183 142 154 131
106 24 33 43
221 226 243 232
205 215 216 149
197 216 227 137
203 240 236 92
180 197 223 119
223 209 213 88
217 172 208 69
180 210 221 86
214 204 210 80
184 171 186 68
225 148 216 220
223 160 197 135
237 238 229 135
243 213 189 54
229 236 229 203
241 248 246 225
229 248 242 217
246 248 234 192
207 229 215 136
243 218 237 181
204 215 236 242
175 102 221 237
193 175 228 228
236 211 227 220
248 242 247 237
198 93 244 248
190 96 179 205
248 248 236 179
232 248 238 70
243 240 237 242
223 242 220 149
224 228 170 89
216 183 187 89
172 50 58 40
228 193 230 246
192 71 111 183
96 34 53 63
152 65 66 49
87 141 29 8
248 186 173 183
240 129 91 71
194 106 131 64
228 145 99 36
157 23 26 11
237 199 232 238
247 235 187 187
237 229 208 159
203 145 188 126
162 162 220 130
242 238 210 209
228 205 221 129
225 233 235 188
226 235 226 140
173 138 119 55
222 182 244 248
186 185 230 225
219 176 219 204
178 171 213 172
230 226 225 134
244 215 234 186
246 218 237 129
232 226 195 196
234 236 224 104
246 244 235 101
206 139 199 225
210 90 73 97
245 248 248 116
236 246 245 39
237 234 232 222
231 232 234 178
223 197 189 115
216 219 159 197
191 61 34 35
248 224 248 248
231 141 182 218
193 123 92 95
238 231 225 84
176 79 57 27
248 155 216 248
195 226 225 157
209 239 235 47
194 235 234 71
207 237 234 58
247 232 240 248
207 73 159 201
117 110 248 248
232 152 180 185
197 188 195 140
224 221 218 213
207 221 221 147
203 229 224 174
201 187 243 243
191 219 224 171
229 154 235 244
216 162 207 214
248 199 227 218
205 162 247 248
195 121 182 147
232 96 167 204
229 169 125 73
211 226 242 246
244 187 213 140
245 121 173 152
230 207 230 235
182 48 222 238
137 223 248 248
218 185 158 167
157 206 218 197
199 217 214 218
197 220 211 155
168 157 167 118
204 123 63 38
146 153 25 7
221 100 213 231
172 84 93 137
244 212 226 184
171 113 130 60
247 248 248 241
221 245 224 187
237 248 235 93
146 170 115 53
110 61 243 248
248 232 229 225
244 109 205 226
233 189 180 141
242 165 172 167
178 141 244 248
248 246 242 243
237 248 240 192
229 248 242 140
234 242 221 174
240 248 228 159
245 240 242 247
216 217 230 227
231 216 211 192
217 192 226 214
227 183 220 175
242 202 215 224
226 214 233 150
237 248 224 70
189 160 145 118
243 227 228 119
226 194 235 244
194 104 146 187
248 248 228 163
212 178 183 152
180 117 67 36
220 217 208 220
198 234 212 151
208 182 222 235
236 107 109 131
234 182 199 111
233 173 225 232
204 169 248 248
220 202 219 171
204 112 89 40
193 135 93 130
224 204 198 198
233 213 180 104
188 141 248 248
243 203 204 189
200 242 233 135
209 168 231 245
207 159 207 193
233 217 218 162
160 115 100 38
248 243 248 247
225 224 226 203
236 231 216 188
239 238 229 214
229 188 208 157
246 230 239 243
219 218 207 158
212 216 219 148
206 152 212 193
227 188 224 110
246 228 244 235
248 204 235 220
246 197 238 226
248 218 223 193
239 189 233 208
248 188 230 231
248 186 226 207
248 219 239 205
246 223 221 170
248 207 234 203
222 141 178 196
235 155 174 174
228 188 181 168
202 156 232 218
200 224 234 223
243 227 231 232
244 206 233 212
224 165 185 164
240 227 224 117
238 232 217 133
248 154 201 217
241 168 189 185
248 158 219 169
245 198 225 196
247 229 243 241
235 240 242 239
196 178 195 203
232 248 242 211
222 233 229 191
244 213 202 200
227 218 222 195
223 232 213 178
236 194 238 239
225 236 236 220
244 245 242 242
231 228 236 236
175 112 191 209
206 161 185 182
170 124 176 144
224 111 226 218
203 98 232 241
198 182 234 236
218 133 219 222
160 146 212 210
204 177 235 240
199 220 236 215
199 231 239 194
175 220 234 145
182 217 225 140
195 176 224 221
187 195 219 180
221 215 223 146
183 195 222 117
177 205 228 111
229 185 233 235
178 183 222 214
193 197 226 146
195 188 217 105
199 209 222 115
203 210 227 204
207 191 222 184
225 189 222 115
212 180 196 68
208 188 210 83
223 174 221 226
214 165 193 198
219 176 211 141
198 176 191 78
230 235 240 223
209 157 190 206
164 181 216 174
165 140 187 103
202 180 206 79
239 202 238 246
216 179 217 220
236 191 216 199
231 232 236 169
217 239 237 134
241 205 237 233
221 217 243 239
246 209 234 226
238 222 234 208
239 232 227 205
248 185 232 243
237 183 233 216
241 210 228 202
238 237 234 168
238 182 220 178
236 167 202 221
240 182 207 190
220 162 185 166
216 150 189 145
214 133 190 123
215 144 227 242
222 169 214 220
191 238 246 215
230 204 216 205
209 191 217 132
219 176 239 223
220 196 231 206
217 172 211 192
248 243 241 196
228 248 248 167
209 197 228 226
223 203 237 248
227 234 224 206
218 206 223 189
184 205 228 193
231 243 232 212
215 222 236 211
236 242 225 178
206 211 224 152
227 215 240 221
218 208 231 222
183 207 232 193
226 169 213 168
202 211 226 155
241 238 235 221
236 191 236 234
226 221 247 239
224 188 228 218
242 218 241 209
248 234 248 235
184 173 225 228
228 236 245 244
189 164 219 201
173 172 227 238
248 208 231 247
213 238 241 206
193 248 247 184
200 207 217 143
239 248 248 193
