7 7 7 7
7 7 7 7
7 7 7 7
7 7 7 7
7 7 7 7
7 7 7 7
7 7 7 7
7 7 7 7
116 65 56 20
96 78 83 51
202 80 81 46
201 84 90 48
186 89 86 53
188 103 82 42
120 92 89 51
90 91 88 45
97 94 84 45
237 98 86 53
126 96 84 47
145 83 82 40
182 108 104 55
141 126 103 44
113 112 95 53
90 114 105 56
123 109 106 54
90 100 110 50
137 124 101 53
212 112 93 48
144 121 109 58
171 119 103 52
147 128 94 47
94 119 100 47
128 125 111 51
138 142 107 49
128 133 107 45
109 119 101 49
189 115 97 49
140 108 103 48
147 130 97 54
157 159 139 47
164 112 100 38
188 151 97 51
156 117 86 48
165 123 105 51
138 108 114 51
134 105 84 44
95 101 125 47
100 116 97 50
204 149 109 46
180 108 103 56
113 99 92 38
155 108 114 66
149 148 92 47
138 121 91 43
163 140 143 52
167 107 111 49
181 136 93 51
190 97 88 40
189 91 109 57
188 141 118 48
166 114 93 45
171 164 112 39
219 117 99 58
203 128 102 45
177 123 99 53
175 118 89 46
153 103 81 38
147 137 87 46
175 128 108 42
172 116 82 36
156 122 88 45
147 120 89 48
175 116 90 32
217 132 89 50
216 130 105 56
195 127 84 30
139 117 84 43
153 85 90 49
173 97 91 44
197 132 108 48
184 113 97 48
137 118 80 35
131 142 92 31
183 93 88 47
203 116 89 44
188 121 94 40
129 124 108 37
79 103 88 49
130 151 86 41
173 127 81 40
155 106 96 34
175 95 87 45
196 116 85 37
203 104 76 38
184 113 92 41
166 97 87 42
154 120 92 47
151 109 95 38
151 94 95 48
108 91 77 35
82 81 90 34
179 112 87 34
192 91 82 47
184 86 97 37
156 110 77 42
111 119 92 37
117 107 85 55
100 83 66 30
98 102 81 40
103 80 72 39
147 100 65 32
167 114 75 39
171 96 75 35
182 75 71 34
191 119 114 42
183 98 81 41
181 95 70 35
174 77 69 38
171 72 80 37
179 112 75 33
157 102 75 46
166 119 95 35
146 90 78 41
135 133 82 39
129 142 82 33
187 128 84 53
138 119 82 38
140 124 96 46
194 104 89 48
165 117 76 39
190 83 85 49
177 78 75 42
183 125 85 38
190 88 74 47
192 91 86 43
148 115 100 59
179 118 84 45
128 91 78 37
193 115 102 48
175 124 97 59
146 94 97 48
217 112 80 40
187 135 83 46
119 98 109 46
124 83 78 35
212 124 99 43
158 98 76 31
202 99 90 40
162 108 104 37
188 85 100 32
134 86 85 24
132 81 78 32
184 75 73 28
159 85 81 23
204 76 75 27
184 72 70 24
111 85 68 20
162 77 71 20
154 77 62 23
219 66 60 24
230 82 82 24
206 62 58 21
164 68 48 22
57 91 62 24
190 58 56 24
140 53 56 23
196 70 56 23
159 57 52 29
32 68 64 23
97 54 77 21
132 82 57 19
152 65 52 20
123 55 51 20
92 69 77 25
55 49 50 23
132 73 61 20
194 62 54 17
143 56 52 21
137 52 47 21
142 59 46 20
85 58 51 18
107 53 45 17
116 50 43 24
138 89 72 19
104 48 43 16
82 76 79 17
107 61 55 21
69 57 57 18
68 49 48 18
144 42 44 17
206 59 73 29
176 45 51 20
192 56 42 16
189 52 67 29
209 46 53 16
183 55 51 18
149 59 55 19
143 50 47 19
100 48 45 17
154 65 63 20
141 55 51 17
126 48 45 18
122 44 47 18
99 54 74 22
68 50 45 16
33 52 42 15
82 53 50 16
165 42 36 15
177 46 66 16
196 36 35 16
188 33 36 15
205 77 53 14
212 44 52 15
215 52 38 14
193 37 37 14
162 57 55 17
114 52 37 15
100 55 65 14
190 40 42 15
161 44 34 11
119 39 56 16
42 38 41 12
40 52 45 14
57 28 35 11
50 43 40 12
115 35 38 13
175 33 31 11
192 43 44 16
148 38 54 15
59 33 38 13
46 41 48 13
71 38 37 11
71 42 39 11
89 39 35 14
158 39 36 13
194 31 33 12
204 31 29 12
186 26 31 11
132 42 29 11
40 32 28 10
10 24 38 12
63 19 22 9
183 37 42 12
181 29 28 8
181 25 28 12
179 29 25 8
99 27 25 10
32 18 29 12
23 17 21 9
33 24 23 9
53 16 20 9
168 25 19 8
144 16 18 7
133 17 16 7
106 19 16 7
93 18 15 7
138 16 12 7
124 20 11 7
101 14 10 7
97 13 8 7
101 16 11 7
83 14 9 7
39 11 10 7
27 7 8 7
36 14 8 7
36 9 7 7
44 7 7 7
25 13 7 7
20 8 7 7
23 7 7 7
10 9 7 7
15 7 7 7
24 7 12 7
26 8 18 7
21 7 20 12
19 7 24 22
8 10 32 24
7 14 34 28
11 10 35 35
28 13 38 34
23 18 45 38
20 16 47 43
16 16 50 41
14 25 53 38
14 15 49 45
9 16 49 39
8 15 46 40
7 27 45 38
7 18 39 32
7 17 34 28
7 14 32 22
7 8 20 14
7 8 19 13
7 7 16 9
16 202 214 201
77 83 97 86
87 70 72 55
113 56 67 46
167 68 72 42
215 97 101 73
210 152 153 177
230 237 238 166
208 192 219 202
205 183 206 221
240 244 241 227
240 223 233 201
240 208 216 220
238 198 208 221
243 148 162 189
238 178 167 163
237 180 193 168
236 187 192 152
241 218 203 148
237 194 194 142
241 205 194 141
236 189 183 167
184 127 108 67
178 119 122 115
245 221 203 223
215 175 166 137
228 163 159 103
223 143 156 151
235 173 155 145
231 209 208 205
226 190 173 170
235 191 183 192
229 177 170 164
224 208 192 192
231 195 164 163
229 178 155 176
218 166 174 212
219 175 169 197
216 167 171 194
204 120 171 207
208 151 161 199
203 140 163 192
184 160 169 195
187 127 151 161
156 113 134 130
170 107 124 119
166 137 124 126
132 134 110 101
151 134 135 88
181 107 113 76
196 123 98 54
180 106 91 44
174 106 106 55
167 132 148 151
177 149 123 121
192 151 122 146
202 147 122 150
207 147 115 152
195 159 115 148
180 138 103 107
161 120 92 83
153 134 106 82
176 122 130 89
174 107 104 103
159 152 90 71
122 108 89 51
193 152 88 34
220 116 93 64
228 208 145 96
207 156 118 60
188 199 176 72
233 239 240 246
246 245 240 228
243 248 248 233
236 242 238 183
230 225 190 90
198 160 132 230
242 228 211 176
234 164 142 79
217 146 122 59
238 212 202 99
246 179 181 121
241 213 172 160
240 233 194 137
212 186 171 100
235 229 200 169
238 227 217 213
205 127 88 43
195 109 84 41
195 163 203 210
248 248 245 224
229 244 242 216
236 242 236 206
224 223 202 134
220 178 164 81
236 189 187 158
216 136 246 248
209 138 227 243
182 112 112 114
230 247 248 248
229 243 240 232
230 235 238 225
222 220 209 164
189 118 113 184
235 222 229 208
239 242 235 142
225 154 147 66
243 168 171 100
240 248 248 245
243 225 215 196
241 219 189 151
167 98 78 41
173 107 93 47
236 168 176 166
206 115 94 52
207 114 100 44
171 118 174 116
245 248 248 248
231 248 248 220
230 244 245 207
229 227 220 162
198 144 155 233
226 226 219 226
238 244 243 155
232 145 150 65
229 182 184 97
230 248 248 223
227 238 245 226
227 239 244 212
214 236 243 197
204 233 240 209
221 183 198 177
243 174 170 68
237 132 117 64
189 137 245 248
248 178 212 223
235 231 200 192
233 248 239 209
223 225 210 197
229 232 191 200
225 216 171 144
216 163 159 73
229 191 175 135
229 199 192 198
196 148 154 157
179 107 129 119
195 102 106 80
175 94 96 122
203 87 75 34
204 180 199 188
209 225 198 159
223 179 173 30
201 184 175 34
242 234 235 205
240 248 248 224
238 241 241 217
178 137 242 248
50 132 244 248
227 167 238 237
248 230 199 199
235 245 214 176
236 238 208 163
237 234 182 150
234 221 209 203
227 180 169 174
130 95 248 248
149 124 239 248
124 151 243 246
239 130 202 188
207 156 107 57
234 117 118 63
233 150 133 60
231 126 122 63
242 218 182 153
237 232 220 121
234 221 197 113
229 200 158 164
233 176 141 151
229 189 135 152
220 161 148 175
223 143 134 212
201 143 145 189
225 120 153 185
227 115 143 172
228 115 139 161
195 130 162 184
199 117 149 172
209 140 148 165
190 96 117 133
178 122 144 114
165 67 88 82
126 81 78 53
119 65 64 56
68 60 63 42
192 74 66 29
167 60 55 24
182 106 143 123
172 134 113 123
153 111 128 129
112 86 80 62
64 64 58 26
35 57 104 55
92 108 169 140
181 111 167 141
209 132 186 152
223 167 209 199
210 205 230 213
204 200 232 232
175 216 236 235
118 222 239 232
98 225 234 216
151 139 156 91
197 55 66 20
217 46 54 19
199 103 122 40
242 244 245 126
247 246 237 224
239 235 226 180
246 230 246 187
241 222 237 220
182 77 73 23
152 73 81 90
218 241 248 248
238 220 207 192
227 157 176 102
228 226 224 159
239 248 248 228
233 246 244 209
236 245 237 198
203 200 194 114
187 121 105 213
247 227 220 169
173 96 54 13
126 88 62 13
234 248 248 248
247 186 197 198
244 241 197 136
240 223 184 80
229 214 145 94
216 112 180 248
229 183 248 248
178 64 97 103
125 60 46 22
248 248 248 248
241 238 212 195
240 240 186 176
245 241 222 190
241 235 205 175
217 209 156 136
228 207 220 227
125 72 30 14
186 248 248 248
248 207 221 229
245 241 200 185
241 225 197 135
241 228 179 123
208 166 120 142
114 69 245 248
149 207 245 245
69 46 54 36
50 47 59 98
235 201 231 243
247 208 159 149
235 235 224 135
217 209 203 161
147 45 55 44
53 123 248 248
248 235 216 212
60 22 36 28
30 196 217 217
248 248 248 248
248 212 183 165
245 245 190 156
244 238 196 166
240 231 195 192
230 195 181 220
51 85 248 248
40 82 219 237
43 199 214 218
248 195 223 221
241 248 233 222
240 239 224 174
239 230 211 162
216 190 123 78
215 177 199 86
238 236 205 160
208 214 220 208
194 181 185 154
44 66 71 72
55 43 51 41
82 83 82 62
114 56 72 69
194 92 85 53
195 95 92 53
248 153 183 162
241 223 244 235
150 99 94 58
248 248 248 248
235 223 237 219
204 153 240 248
121 132 236 246
109 107 222 239
195 93 110 90
239 248 248 248
248 245 230 188
242 230 225 157
246 237 220 145
243 238 210 126
245 237 216 152
242 226 215 146
236 216 182 148
195 126 228 248
192 160 246 248
245 206 205 212
217 165 163 126
228 170 160 142
222 161 170 144
246 210 216 207
241 228 224 187
241 214 171 135
238 212 192 144
235 213 172 160
237 202 159 157
233 200 168 150
225 188 161 192
210 171 169 187
193 150 186 217
218 150 160 191
206 137 140 149
200 154 141 129
171 141 136 134
171 118 128 124
174 122 119 108
157 104 108 109
103 124 106 103
109 127 103 100
195 136 138 99
166 100 112 66
206 136 100 54
197 87 90 53
203 128 129 80
194 133 108 53
178 110 102 56
185 158 113 56
209 129 134 117
197 141 155 144
173 150 164 153
162 170 208 196
151 182 207 213
138 195 228 223
170 219 232 240
172 186 210 220
163 161 147 154
130 106 98 62
185 118 91 34
248 116 97 61
247 212 174 132
239 240 234 225
232 216 236 248
240 208 232 244
244 232 216 207
240 248 248 219
238 246 241 199
235 238 232 166
189 168 160 210
236 233 229 185
193 167 248 248
182 138 238 247
134 117 174 175
216 243 248 248
248 246 242 213
236 245 246 218
234 244 244 221
239 244 240 207
175 142 112 41
202 106 84 41
199 160 130 46
189 101 102 59
243 237 234 221
238 248 248 197
230 244 246 211
235 237 240 185
228 238 242 207
238 236 237 198
241 199 208 171
239 158 175 86
228 151 177 94
236 192 191 210
239 234 233 217
238 232 232 225
236 224 223 217
223 204 189 125
244 245 242 232
234 214 236 235
191 148 241 248
197 124 242 248
220 152 239 244
248 248 231 204
230 244 238 201
244 244 243 213
238 233 227 159
179 135 147 210
202 181 248 248
152 140 231 248
134 195 233 238
233 195 216 221
248 228 170 105
235 229 167 104
237 222 136 91
202 177 172 75
243 204 148 99
218 161 246 248
189 120 246 248
176 106 243 248
202 178 242 245
246 248 235 196
231 243 247 213
219 242 243 210
229 240 237 202
236 226 219 173
224 188 187 129
224 207 194 114
229 154 164 99
242 234 236 200
238 243 248 228
235 240 244 218
239 230 241 220
231 214 221 183
226 197 196 146
245 246 248 243
227 232 234 209
219 157 171 158
156 99 98 28
177 123 161 173
180 111 115 110
175 91 90 29
193 83 73 27
201 176 199 209
227 127 191 169
177 88 248 248
166 102 241 248
224 182 238 243
248 248 237 180
226 241 240 230
202 174 241 248
63 132 243 248
199 132 240 246
248 228 187 183
238 245 206 174
235 241 217 169
239 233 204 171
238 226 187 168
235 209 191 176
172 92 246 248
145 113 240 248
99 150 237 243
248 188 161 148
217 81 94 61
235 129 118 57
230 143 121 60
229 153 148 112
243 246 218 155
236 222 181 105
231 213 143 94
228 201 136 124
223 157 156 185
213 124 142 150
194 128 134 181
193 99 126 170
191 136 140 175
213 108 149 175
191 109 127 150
226 91 133 150
201 81 127 138
178 70 92 97
210 64 77 82
193 102 113 118
184 77 86 95
150 73 75 63
158 68 58 50
77 57 70 66
75 84 120 84
135 67 84 59
146 76 248 248
164 95 238 242
145 151 197 218
248 248 248 204
226 239 248 179
223 246 244 186
226 235 225 182
199 162 237 248
173 96 247 248
201 140 240 248
208 204 236 245
211 164 190 204
248 242 110 123
242 223 98 108
238 227 151 95
237 221 155 89
241 228 172 101
239 219 182 98
235 204 158 71
239 208 152 69
232 169 122 63
230 159 108 56
230 138 113 57
233 134 98 64
231 123 108 100
226 92 77 77
218 70 85 75
208 58 72 60
200 59 68 57
192 50 63 57
188 49 60 55
184 59 60 32
201 47 50 28
201 54 54 25
205 49 41 19
200 33 36 19
182 31 44 16
151 29 32 16
110 45 30 14
104 41 78 27
98 31 49 28
117 41 93 43
128 33 55 27
130 39 57 48
169 28 44 17
146 24 34 18
115 23 32 15
38 37 69 32
53 68 182 165
81 78 128 115
119 64 107 142
115 94 146 163
126 50 75 103
127 16 20 11
97 23 16 7
102 17 18 7
116 12 13 7
223 248 248 248
248 248 248 226
242 248 244 237
235 246 241 233
231 247 243 237
232 243 234 220
88 119 144 214
43 122 240 248
40 101 211 247
35 125 80 124
248 248 248 248
230 247 247 243
224 246 246 241
218 242 244 239
177 224 220 187
74 114 91 38
42 97 86 45
32 92 95 53
181 184 246 248
248 233 188 218
244 245 218 216
242 241 230 212
238 240 237 220
233 245 240 229
235 237 231 217
46 77 221 248
32 86 221 248
46 89 223 247
248 246 235 216
71 74 82 58
27 84 68 48
21 92 64 47
245 236 248 248
248 248 221 228
248 247 244 231
244 244 242 235
245 242 237 229
246 243 236 228
241 245 232 220
239 239 233 226
244 235 230 223
244 240 229 228
242 238 233 229
242 231 228 225
241 240 232 225
241 239 233 226
242 231 230 224
245 239 228 223
240 237 230 224
242 239 235 219
241 235 232 224
241 239 233 220
246 233 231 223
245 228 232 220
248 240 236 221
245 232 232 219
244 236 234 222
247 232 233 218
245 232 232 217
248 229 233 216
248 237 233 226
247 239 233 222
248 233 233 226
245 232 234 226
246 233 231 224
244 220 231 227
247 235 235 231
248 228 233 227
248 234 236 234
248 229 233 228
248 223 235 226
248 221 231 232
247 221 238 235
248 235 238 232
248 232 233 229
247 232 220 193
238 248 243 223
226 248 247 233
213 247 245 223
188 248 245 221
193 246 243 225
238 248 247 217
225 248 245 231
214 245 242 237
216 245 246 242
229 245 243 227
231 240 231 224
230 229 228 233
207 227 218 209
204 222 214 160
197 219 199 105
212 224 210 105
200 212 198 103
210 218 191 87
202 209 187 86
203 206 184 90
197 198 172 72
188 212 184 146
206 220 229 231
230 219 235 239
215 226 231 237
200 223 227 229
217 217 228 223
218 218 222 214
218 213 191 129
204 218 183 61
233 212 238 247
239 239 248 225
244 248 248 244
219 248 248 232
239 247 248 230
229 247 248 227
224 248 246 229
229 246 245 227
224 206 196 98
226 204 190 66
218 223 194 176
247 248 248 246
231 247 248 240
217 247 248 230
228 245 246 233
209 248 246 231
235 248 245 229
245 244 244 230
236 235 234 234
221 222 220 237
248 248 218 222
244 244 234 220
243 242 243 231
245 247 240 230
243 243 243 241
243 243 245 241
242 241 239 234
226 227 220 181
219 206 206 192
239 248 248 248
229 248 247 235
240 242 244 233
217 218 225 241
238 231 237 244
247 242 222 216
246 248 242 223
245 247 244 232
239 239 235 223
240 244 234 219
240 244 233 217
243 243 238 226
246 246 238 223
243 244 236 219
243 242 238 227
244 245 239 232
243 245 237 226
240 243 239 230
224 225 206 180
223 247 248 239
221 246 247 218
217 244 244 222
231 244 243 218
219 242 242 235
196 225 223 203
196 179 175 67
204 177 172 153
232 234 248 248
245 247 226 220
232 248 234 204
236 245 237 215
232 242 231 205
236 245 230 196
221 204 213 247
197 184 239 248
191 171 219 246
244 220 197 189
246 248 240 231
241 236 227 214
235 215 219 218
245 234 208 211
245 244 236 235
243 241 228 215
243 240 240 215
239 247 240 231
247 243 240 226
246 242 238 226
244 240 237 229
245 240 239 230
248 237 234 229
248 234 240 232
247 232 235 228
246 242 236 230
244 235 231 226
240 233 236 228
245 230 235 229
246 240 234 226
248 235 234 222
248 232 233 225
247 241 237 225
242 239 230 221
240 237 229 220
236 236 229 224
236 241 230 221
246 241 229 219
244 237 231 219
247 235 220 217
247 230 225 218
247 219 224 218
247 235 226 217
247 239 233 218
246 238 228 218
245 242 226 217
247 242 223 216
248 234 226 215
247 223 229 217
247 234 226 213
244 240 231 218
240 244 227 217
245 237 226 218
248 224 222 213
247 227 231 224
246 238 234 221
245 224 228 218
246 242 229 206
239 230 224 196
223 235 226 206
229 248 248 209
217 246 248 246
215 247 248 234
214 248 248 229
225 247 248 248
232 245 248 244
211 243 245 226
195 235 233 198
196 210 209 136
184 199 204 96
207 213 202 80
204 216 207 108
214 184 192 141
215 208 212 198
192 207 220 212
191 224 214 213
188 193 212 203
186 196 225 213
202 217 231 227
224 219 237 231
226 233 245 237
240 229 241 240
222 230 244 240
222 229 242 236
205 213 221 207
189 192 187 72
214 209 180 53
206 212 183 63
190 196 190 88
185 225 248 248
248 248 240 211
239 248 248 235
234 248 244 229
230 248 242 224
196 224 230 242
194 204 226 248
175 195 220 247
186 199 181 176
181 195 190 163
248 248 248 248
228 245 243 219
237 248 247 239
229 247 242 235
222 201 190 129
236 229 222 155
228 221 209 179
238 211 220 205
231 218 217 199
248 248 248 248
245 244 236 231
244 244 234 227
241 241 231 236
237 238 230 230
240 238 236 233
242 238 233 232
218 230 212 201
203 200 201 204
244 244 245 196
205 192 181 45
172 172 174 52
207 197 194 181
230 174 237 248
248 248 200 207
248 237 244 234
246 248 227 216
247 243 223 189
245 246 228 188
244 244 221 191
247 245 234 215
241 243 229 217
243 246 231 225
241 243 234 220
243 245 232 226
246 248 227 219
236 223 207 192
241 248 243 228
238 246 248 242
238 248 246 242
234 247 247 238
228 244 242 226
205 202 178 94
193 181 147 44
178 173 151 36
176 173 237 248
248 248 243 230
243 246 232 209
246 248 241 231
242 244 233 216
244 240 235 219
246 226 223 188
198 190 169 90
191 174 148 54
209 186 242 248
234 203 244 240
220 230 226 196
215 168 168 101
209 191 183 148
246 248 248 248
232 248 247 221
248 239 235 218
246 243 232 229
247 245 230 216
243 243 231 204
242 242 229 216
241 242 231 210
247 243 226 206
242 240 225 205
244 242 230 212
242 245 224 211
243 241 230 210
243 242 227 208
244 243 230 217
245 238 232 222
248 230 228 213
244 241 228 213
243 241 231 223
241 237 229 218
242 237 232 219
247 234 230 218
245 236 234 223
245 241 232 219
243 240 234 220
241 238 232 219
248 233 226 216
243 240 228 211
242 238 231 218
244 234 232 220
244 241 232 217
247 235 233 224
246 233 232 224
248 239 231 222
248 236 230 219
245 235 227 220
244 236 232 215
248 238 233 214
246 237 232 211
243 237 231 207
243 242 230 206
244 241 231 211
242 239 233 212
240 242 232 207
248 237 223 191
220 248 246 227
212 247 245 222
212 246 243 228
231 248 247 237
215 248 245 232
237 247 244 231
236 246 245 239
233 248 247 241
215 246 244 228
188 246 243 224
247 239 232 229
234 226 231 245
217 243 245 240
191 233 227 222
197 208 213 182
186 231 201 95
202 209 189 79
206 184 166 67
204 217 203 75
196 204 187 106
194 176 172 150
189 209 207 190
197 191 194 202
221 215 215 211
199 208 226 228
192 210 219 213
225 194 176 143
213 223 180 102
205 202 173 82
186 192 169 45
192 204 175 133
180 173 186 244
248 248 242 236
248 238 234 210
245 246 236 238
242 242 235 241
238 246 243 232
248 243 236 232
241 241 242 235
244 237 235 230
223 204 188 131
228 231 218 233
239 248 248 244
231 248 244 240
230 248 246 237
213 241 241 229
226 191 183 83
232 215 185 65
222 192 172 61
208 169 167 54
234 236 240 243
245 248 248 247
230 248 245 238
217 247 247 238
231 245 245 231
229 247 246 237
208 242 241 237
213 215 208 186
232 246 245 240
248 247 246 215
243 243 238 230
223 223 216 219
215 205 225 239
242 237 230 237
248 234 221 217
243 234 236 227
239 234 234 230
239 239 232 224
243 244 234 233
243 239 239 235
244 241 235 229
245 231 232 222
238 239 235 221
234 226 234 234
220 186 179 125
195 154 148 61
158 168 201 248
232 236 246 248
236 248 239 221
242 245 247 246
238 248 243 224
237 248 242 217
238 248 243 228
230 242 235 231
199 207 165 75
199 188 160 92
237 248 248 248
248 241 240 224
237 248 242 236
237 245 240 229
236 244 237 226
236 243 229 214
218 203 189 150
214 191 171 87
237 186 164 115
244 248 248 248
230 191 183 77
217 192 177 59
213 178 166 145
207 179 217 246
248 248 209 200
243 241 242 231
242 241 233 220
241 244 234 230
248 242 233 225
246 238 230 223
246 245 229 226
243 242 228 220
244 240 228 225
239 240 230 227
241 232 226 225
240 237 229 226
245 237 227 222
248 238 227 220
248 239 225 221
248 237 222 213
247 237 222 220
247 232 219 219
245 232 224 217
244 237 221 216
245 239 216 211
245 235 224 210
248 236 230 210
248 239 227 213
246 241 230 218
244 242 224 212
244 242 231 213
241 241 226 212
239 243 228 211
242 240 226 215
244 240 227 209
244 240 226 211
246 238 227 214
247 242 231 221
246 238 228 219
243 236 234 220
241 230 228 220
244 232 234 220
245 248 227 214
234 231 224 185
239 248 248 230
231 248 248 242
221 247 244 229
204 248 247 227
217 247 245 228
190 248 245 227
223 246 244 222
232 247 246 235
219 248 248 238
220 245 246 245
218 246 247 241
231 239 236 235
247 243 231 182
230 231 217 180
227 234 212 164
201 209 190 106
190 197 181 80
171 215 196 142
180 204 196 188
224 203 206 216
180 201 223 218
191 223 228 220
197 215 215 200
205 188 164 68
196 209 160 47
201 192 172 36
248 248 248 248
238 248 243 239
234 248 244 236
216 247 248 236
207 216 212 169
198 246 248 248
206 233 243 245
200 200 239 248
169 201 228 248
189 200 204 226
248 248 248 248
230 248 248 242
208 248 248 241
197 247 248 242
197 248 248 243
171 238 242 233
240 248 248 248
208 242 238 231
221 227 231 239
237 248 248 239
230 244 243 233
239 244 244 232
239 244 241 231
187 218 220 180
213 248 248 248
245 248 248 247
244 246 248 244
236 248 248 246
222 248 248 242
243 247 244 236
239 248 245 235
221 248 248 241
137 217 219 211
22 157 204 184
63 192 242 248
59 175 241 248
111 170 233 247
248 248 248 237
236 248 246 240
233 248 244 234
189 242 244 233
